# NEPTS   102 NPROJ     4 NSPIN     1
#
@ XAXIS LABEL "E-EFERMI (HARTREE)"
@ YAXIS LABEL "DENSITY OF STATES (STATES/HARTREE/CELL)"
 -7.3241E-01  0.0000E+00  0.0000E+00  0.0000E+00  0.0000E+00
 -7.1638E-01  1.2864E-14  8.4569E-16  5.6719E-16  2.8554E-14
 -7.0036E-01  8.9722E-01  6.6593E-02  4.2527E-02  2.0127E+00
 -6.8434E-01  1.1714E+00  1.0176E-01  5.9183E-02  2.6646E+00
 -6.6831E-01  1.3148E+00  1.4686E-01  8.4069E-02  3.0916E+00
 -6.5229E-01  1.3991E+00  2.1653E-01  1.2317E-01  3.4775E+00
 -6.3627E-01  1.4509E+00  2.9907E-01  1.6518E-01  3.8302E+00
 -6.2024E-01  1.4762E+00  3.8176E-01  1.9925E-01  4.1144E+00
 -6.0422E-01  1.4740E+00  4.5849E-01  2.2055E-01  4.3062E+00
 -5.8820E-01  1.4939E+00  5.1380E-01  2.9504E-01  4.6055E+00
 -5.7217E-01  1.4983E+00  5.9931E-01  3.4126E-01  4.8777E+00
 -5.5615E-01  1.5176E+00  7.1380E-01  3.1235E-01  5.0876E+00
 -5.4012E-01  1.5061E+00  7.8547E-01  3.3665E-01  5.2565E+00
 -5.2410E-01  1.4565E+00  8.3431E-01  4.1205E-01  5.4056E+00
 -5.0808E-01  1.3917E+00  8.9306E-01  5.0095E-01  5.5714E+00
 -4.9205E-01  1.3341E+00  9.7808E-01  5.7154E-01  5.7675E+00
 -4.7603E-01  1.2941E+00  1.0864E+00  6.1128E-01  5.9835E+00
 -4.6001E-01  1.2694E+00  1.2041E+00  6.2558E-01  6.1980E+00
 -4.4398E-01  1.2501E+00  1.3160E+00  6.3043E-01  6.3932E+00
 -4.2796E-01  1.2243E+00  1.4139E+00  6.4409E-01  6.5645E+00
 -4.1194E-01  1.1822E+00  1.4983E+00  6.8053E-01  6.7220E+00
 -3.9591E-01  1.1196E+00  1.5777E+00  7.4583E-01  6.8864E+00
 -3.7989E-01  1.0383E+00  1.6643E+00  8.3742E-01  7.0800E+00
 -3.6387E-01  9.4516E-01  1.7684E+00  9.4574E-01  7.3187E+00
 -3.4784E-01  8.4994E-01  1.8953E+00  1.0573E+00  7.6051E+00
 -3.3182E-01  7.6295E-01  2.0422E+00  1.1585E+00  7.9273E+00
 -3.1580E-01  6.9242E-01  2.1993E+00  1.2386E+00  8.2607E+00
 -2.9977E-01  6.4265E-01  2.3521E+00  1.2925E+00  8.5744E+00
 -2.8375E-01  6.1300E-01  2.4846E+00  1.3211E+00  8.8374E+00
 -2.6772E-01  5.9781E-01  2.5830E+00  1.3304E+00  9.0224E+00
 -2.5170E-01  5.8740E-01  2.6360E+00  1.3287E+00  9.1043E+00
 -2.3568E-01  5.6996E-01  2.6341E+00  1.3223E+00  9.0526E+00
 -2.1965E-01  5.3420E-01  2.5654E+00  1.3105E+00  8.8203E+00
 -2.0363E-01  4.7265E-01  2.4146E+00  1.2829E+00  8.3404E+00
 -1.8761E-01  3.8555E-01  2.1687E+00  1.2199E+00  7.5483E+00
 -1.7158E-01  2.8526E-01  1.8435E+00  1.1023E+00  6.4622E+00
 -1.5556E-01  2.0128E-01  1.5482E+00  9.3705E-01  5.3731E+00
 -1.3954E-01  1.8607E-01  1.6142E+00  8.0761E-01  5.2158E+00
 -1.2351E-01  1.7630E-01  1.6898E+00  7.3115E-01  5.1944E+00
 -1.0749E-01  1.1460E-01  1.5407E+00  5.9021E-01  4.4909E+00
 -9.1466E-02  4.9440E-02  1.3549E+00  4.6740E-01  3.7435E+00
 -7.5442E-02  6.4977E-02  1.0994E+00  4.1090E-01  3.1505E+00
 -5.9419E-02  1.1194E-01  7.9948E-01  4.1013E-01  2.6431E+00
 -4.3395E-02  1.3050E-01  4.7596E-01  4.1192E-01  2.0368E+00
 -2.7372E-02  9.7701E-02  2.0438E-01  3.5339E-01  1.3109E+00
 -1.1348E-02  2.8604E-02  8.6895E-02  1.8747E-01  6.0593E-01
  4.6754E-03 -3.7411E-02  2.0021E-01 -6.5382E-02  1.9484E-01
  2.0699E-02 -6.9351E-02  4.9229E-01 -2.1324E-01  4.1940E-01
  3.6722E-02 -1.0565E-01  6.0511E-01  7.1089E-02  1.1411E+00
  5.2746E-02 -1.2922E-01  6.3425E-01  2.8569E-03  1.0158E+00
  6.8770E-02 -6.3026E-02  8.6041E-01  9.3591E-02  1.7819E+00
  8.4793E-02  6.7708E-02  1.0816E+00  2.3593E-01  2.7705E+00
  1.0082E-01  2.8001E-01  1.2944E+00  4.0313E-01  3.9551E+00
  1.1684E-01  5.6394E-01  1.4901E+00  5.7194E-01  5.2519E+00
  1.3286E-01  7.0937E-01  1.6269E+00  8.4755E-01  6.3677E+00
  1.4889E-01  8.7201E-01  1.7364E+00  1.1093E+00  7.4354E+00
  1.6491E-01  1.0993E+00  1.8124E+00  1.2935E+00  8.4104E+00
  1.8093E-01  1.3526E+00  1.8584E+00  1.3899E+00  9.2020E+00
  1.9696E-01  1.5708E+00  1.8829E+00  1.4118E+00  9.7309E+00
  2.1298E-01  1.7042E+00  1.8958E+00  1.3789E+00  9.9578E+00
  2.2900E-01  1.7292E+00  1.9066E+00  1.3100E+00  9.8916E+00
  2.4503E-01  1.6498E+00  1.9218E+00  1.2201E+00  9.5835E+00
  2.6105E-01  1.4917E+00  1.9448E+00  1.1207E+00  9.1144E+00
  2.7708E-01  1.2934E+00  1.9753E+00  1.0204E+00  8.5783E+00
  2.9310E-01  1.0967E+00  2.0102E+00  9.2606E-01  8.0658E+00
  3.0912E-01  9.3798E-01  2.0438E+00  8.4317E-01  7.6499E+00
  3.2515E-01  8.4242E-01  2.0697E+00  7.7586E-01  7.3759E+00
  3.4117E-01  8.2043E-01  2.0812E+00  7.2637E-01  7.2560E+00
  3.5719E-01  8.6727E-01  2.0730E+00  6.9461E-01  7.2698E+00
  3.7322E-01  9.6495E-01  2.0416E+00  6.7781E-01  7.3687E+00
  3.8924E-01  1.0863E+00  1.9859E+00  6.7070E-01  7.4858E+00
  4.0526E-01  1.2000E+00  1.9077E+00  6.6625E-01  7.5480E+00
  4.2129E-01  1.2769E+00  1.8111E+00  6.5699E-01  7.4900E+00
  4.3731E-01  1.2946E+00  1.7021E+00  6.3667E-01  7.2667E+00
  4.5333E-01  1.2423E+00  1.5877E+00  6.0207E-01  6.8642E+00
  4.6936E-01  1.1233E+00  1.4748E+00  5.5431E-01  6.3048E+00
  4.8538E-01  9.5419E-01  1.3695E+00  4.9934E-01  5.6460E+00
  5.0140E-01  7.6289E-01  1.2754E+00  4.4716E-01  4.9709E+00
  5.1743E-01  5.8256E-01  1.1939E+00  4.0944E-01  4.3717E+00
  5.3345E-01  4.4394E-01  1.1230E+00  3.9562E-01  3.9252E+00
  5.4948E-01  3.6639E-01  1.0587E+00  4.0805E-01  3.6663E+00
  5.6550E-01  3.4960E-01  9.9509E-01  4.3738E-01  3.5641E+00
  5.8152E-01  3.6906E-01  9.2658E-01  4.6050E-01  3.5123E+00
  5.9755E-01  3.7934E-01  8.4982E-01  4.4421E-01  3.3467E+00
  6.1357E-01  3.3100E-01  7.6596E-01  3.5985E-01  2.9136E+00
  6.2959E-01  2.0890E-01  6.8267E-01  2.1539E-01  2.2139E+00
  6.4562E-01  1.0187E-01  6.1491E-01  1.1427E-01  1.6621E+00
  6.6164E-01  1.7834E-01  5.5293E-01  1.3739E-01  1.7373E+00
  6.7766E-01  2.0650E-01  5.0216E-01  1.2957E-01  1.6764E+00
  6.9369E-01  1.7450E-01  4.7839E-01  1.3520E-01  1.5762E+00
  7.0971E-01  1.3186E-01  4.6743E-01  1.4502E-01  1.4886E+00
  7.2573E-01  8.7095E-02  4.6974E-01  1.5379E-01  1.4212E+00
  7.4176E-01  5.0685E-02  4.8150E-01  1.5498E-01  1.3743E+00
  7.5778E-01  3.1471E-02  4.9358E-01  1.4258E-01  1.3353E+00
  7.7380E-01  3.2385E-02  4.9178E-01  1.1359E-01  1.2755E+00
  7.8983E-01  4.6909E-02  4.5927E-01  7.0595E-02  1.1535E+00
  8.0585E-01  5.8520E-02  3.8270E-01  2.3684E-02  9.2981E-01
  8.2188E-01  4.6587E-02  2.6352E-01 -9.6702E-03  6.0087E-01
  8.3790E-01  3.6685E-03  1.3689E-01 -8.8020E-03  2.6351E-01
  8.5392E-01 -2.8849E-02  9.9930E-02  3.8443E-02  2.1905E-01
  8.6995E-01  0.0000E+00  0.0000E+00  0.0000E+00  0.0000E+00
  8.8597E-01  0.0000E+00  0.0000E+00  0.0000E+00  0.0000E+00
# EFERMI (HARTREE)   -0.09831
