# NEPTS   102 NPROJ     3 NSPIN     1
#
@ XAXIS LABEL "E-EFERMI (HARTREE)"
@ YAXIS LABEL "DENSITY OF STATES (STATES/HARTREE/CELL)"
 -6.8757E-01  0.0000E+00  0.0000E+00  0.0000E+00
 -6.7396E-01 -7.5587E-14 -5.7212E-15 -8.1308E-14
 -6.6035E-01  2.3396E+00 -1.4261E-01  2.1970E+00
 -6.4674E-01  5.6076E+00  3.1722E-01  5.9248E+00
 -6.3313E-01  5.2084E+00  1.8959E-01  5.3980E+00
 -6.1952E-01  6.0522E+00  3.3292E-01  6.3851E+00
 -6.0592E-01  8.5599E+00  8.5101E-01  9.4109E+00
 -5.9231E-01  8.3998E+00  8.8527E-01  9.2851E+00
 -5.7870E-01  7.8531E+00  7.0218E-01  8.5553E+00
 -5.6509E-01  1.1023E+01  1.0176E+00  1.2041E+01
 -5.5148E-01  1.5214E+01  1.5114E+00  1.6725E+01
 -5.3787E-01  1.4707E+01  1.3663E+00  1.6073E+01
 -5.2426E-01  1.0640E+01  8.5990E-01  1.1500E+01
 -5.1065E-01  9.8237E+00  1.1148E+00  1.0938E+01
 -4.9705E-01  1.2131E+01  1.9208E+00  1.4052E+01
 -4.8344E-01  8.6038E+00  1.4798E+00  1.0084E+01
 -4.6983E-01  6.8145E-01  2.0127E-02  7.0158E-01
 -4.5622E-01  1.3852E+00  4.1034E-01  1.7955E+00
 -4.4261E-01  2.3577E+00  9.7199E-01  3.3297E+00
 -4.2900E-01  2.3104E-01 -6.3805E-01 -4.0701E-01
 -4.1539E-01  5.5328E+00  2.4941E+00  8.0269E+00
 -4.0178E-01  1.0687E+01  6.4609E+00  1.7148E+01
 -3.8817E-01  1.2027E+01  8.1238E+00  2.0151E+01
 -3.7457E-01  1.0012E+01  7.2548E+00  1.7267E+01
 -3.6096E-01  6.8172E+00  5.2455E+00  1.2063E+01
 -3.4735E-01  4.3028E+00  3.5303E+00  7.8331E+00
 -3.3374E-01  3.1763E+00  2.7730E+00  5.9493E+00
 -3.2013E-01  3.1261E+00  2.8349E+00  5.9610E+00
 -3.0652E-01  3.3995E+00  3.1673E+00  6.5668E+00
 -2.9291E-01  3.3655E+00  3.2583E+00  6.6239E+00
 -2.7930E-01  2.8102E+00  2.9039E+00  5.7140E+00
 -2.6570E-01  1.9266E+00  2.2368E+00  4.1633E+00
 -2.5209E-01  1.1012E+00  1.5757E+00  2.6768E+00
 -2.3848E-01  1.2956E+00  1.9243E+01  2.0538E+01
 -2.2487E-01  8.4920E-01  8.7690E+00  9.6182E+00
 -2.1126E-01  1.7893E+00  2.1367E+01  2.3157E+01
 -1.9765E-01  2.3993E+00  2.3378E+01  2.5778E+01
 -1.8404E-01  1.7683E+00  2.2567E+01  2.4335E+01
 -1.7043E-01  8.2980E-01  2.2025E+01  2.2855E+01
 -1.5683E-01  5.4058E-01  2.2033E+01  2.2574E+01
 -1.4322E-01  6.8555E-01  2.5940E+01  2.6626E+01
 -1.2961E-01  5.9847E-01  2.6842E+01  2.7440E+01
 -1.1600E-01  3.1728E-01  2.0683E+01  2.1000E+01
 -1.0239E-01  3.8146E-01  1.6213E+01  1.6595E+01
 -8.8781E-02  7.3648E-01  1.9664E+01  2.0400E+01
 -7.5172E-02  6.1300E-01  2.0870E+01  2.1483E+01
 -6.1564E-02 -1.3216E-01  1.0131E+01  9.9990E+00
 -4.7955E-02 -3.4420E-01  9.7742E-01  6.3322E-01
 -3.4346E-02  4.0421E-01  6.8101E+00  7.2143E+00
 -2.0737E-02  1.4085E-01  4.4749E+00  4.6157E+00
 -7.1284E-03 -2.9592E-01  3.3330E+00  3.0370E+00
  6.4804E-03  0.0000E+00  0.0000E+00  0.0000E+00
  2.0089E-02  0.0000E+00  0.0000E+00  0.0000E+00
  3.3698E-02  0.0000E+00  0.0000E+00  0.0000E+00
  4.7307E-02  0.0000E+00  0.0000E+00  0.0000E+00
  6.0916E-02  0.0000E+00  0.0000E+00  0.0000E+00
  7.4524E-02  0.0000E+00  0.0000E+00  0.0000E+00
  8.8133E-02  0.0000E+00  0.0000E+00  0.0000E+00
  1.0174E-01  0.0000E+00  0.0000E+00  0.0000E+00
  1.1535E-01  0.0000E+00  0.0000E+00  0.0000E+00
  1.2896E-01  0.0000E+00  0.0000E+00  0.0000E+00
  1.4257E-01  0.0000E+00  0.0000E+00  0.0000E+00
  1.5618E-01  0.0000E+00  0.0000E+00  0.0000E+00
  1.6979E-01  0.0000E+00  0.0000E+00  0.0000E+00
  1.8339E-01  0.0000E+00  0.0000E+00  0.0000E+00
  1.9700E-01  0.0000E+00  0.0000E+00  0.0000E+00
  2.1061E-01 -6.0483E-01  1.0033E-01 -5.0450E-01
  2.2422E-01  1.3910E+00  1.1367E+01  1.2758E+01
  2.3783E-01  6.3241E-01  4.9294E+00  5.5618E+00
  2.5144E-01  2.2874E+00  1.1272E+01  1.3560E+01
  2.6505E-01  2.0051E+00  9.1852E+00  1.1190E+01
  2.7866E-01  3.3175E+00  1.7369E+01  2.0686E+01
  2.9227E-01  5.8795E+00  2.8215E+01  3.4094E+01
  3.0587E-01  6.1901E+00  2.6841E+01  3.3031E+01
  3.1948E-01  2.1712E+00  1.2983E+01  1.5154E+01
  3.3309E-01  7.9393E-01  1.1307E+01  1.2101E+01
  3.4670E-01  3.8434E+00  2.5944E+01  2.9788E+01
  3.6031E-01  6.5073E+00  3.5830E+01  4.2337E+01
  3.7392E-01  4.6441E+00  2.6299E+01  3.0943E+01
  3.8753E-01  2.0622E+00  1.2980E+01  1.5042E+01
  4.0114E-01  1.8883E-01  6.5176E+00  6.7065E+00
  4.1474E-01  1.6719E+00  1.8075E+01  1.9747E+01
  4.2835E-01  3.0260E+00  2.1959E+01  2.4985E+01
  4.4196E-01  3.0210E+00  1.6981E+01  2.0002E+01
  4.5557E-01  3.5580E+00  1.4972E+01  1.8531E+01
  4.6918E-01  5.2970E+00  2.3691E+01  2.8988E+01
  4.8279E-01  5.9474E+00  2.5046E+01  3.0994E+01
  4.9640E-01  4.8958E+00  2.4650E+01  2.9546E+01
  5.1001E-01  2.8436E+00  2.0183E+01  2.3026E+01
  5.2361E-01  1.0608E+00  1.4333E+01  1.5394E+01
  5.3722E-01  5.1755E-01  1.0504E+01  1.1022E+01
  5.5083E-01  1.1828E+00  1.0600E+01  1.1782E+01
  5.6444E-01  2.0911E+00  1.3604E+01  1.5696E+01
  5.7805E-01  2.1763E+00  1.6086E+01  1.8263E+01
  5.9166E-01  1.2372E+00  1.4703E+01  1.5940E+01
  6.0527E-01  1.4913E-01  9.2510E+00  9.4001E+00
  6.1888E-01 -9.1004E-02  3.5597E+00  3.4687E+00
  6.3249E-01  3.0827E-01  1.8546E+00  2.1629E+00
  6.4609E-01  1.3809E-01  2.0819E+00  2.2200E+00
  6.5970E-01 -2.3281E-01 -2.4904E+00 -2.7232E+00
  6.7331E-01  0.0000E+00  0.0000E+00  0.0000E+00
  6.8692E-01  0.0000E+00  0.0000E+00  0.0000E+00
# EFERMI (HARTREE)   -0.15411
