# NKPT   121 NBND    26 NSPIN     1
# NPANEL     6
#      1   (0,0,0)/2
#     24   (1,1,0)/2
#     41   (0,1,0)/2
#     61   (0,1,1)/2
#     78   (1,1,1)/2
#    101   (0,0,1)/2
#    121   (0,0,0)/2
@ WITH G0
@ G0 ON
@ TITLE "BAND STRUCTURE"
@ DEFAULT COLOR 1
@ XAXIS TICK ON
@ XAXIS TICKLABEL ON
@ XAXIS TICKLABEL CHAR SIZE 0.8
@ XAXIS TICK TYPE SPEC
@ XAXIS TICKLABEL TYPE SPEC
@ XAXIS TICK MAJOR GRID ON
@ YAXIS LABEL "E-EFERMI (HARTREE)"
@ AUTOSCALE ONREAD YAXES
@ AUTOTICKS
@ XAXIS TICK SPEC     7
@ XAXIS TICK     0,     0.00000
@ XAXIS TICKLABEL    0,"(0,0,0)/2"
@ XAXIS TICK     1,     0.42247
@ XAXIS TICKLABEL    1,"(1,1,0)/2"
@ XAXIS TICK     2,     0.72121
@ XAXIS TICKLABEL    2,"(0,1,0)/2"
@ XAXIS TICK     3,     1.07613
@ XAXIS TICKLABEL    3,"(0,1,1)/2"
@ XAXIS TICK     4,     1.37487
@ XAXIS TICKLABEL    4,"(1,1,1)/2"
@ XAXIS TICK     5,     1.79734
@ XAXIS TICKLABEL    5,"(0,0,1)/2"
@ XAXIS TICK     6,     2.15227
@ XAXIS TICKLABEL    6,"(0,0,0)/2"
@ WORLD      0.00000,        -1.1,     2.15227,         0.7
@ VIEW      0.15000,     0.15000,     1.14418,     0.85000
  0.00000E+00 -0.10116E+01 -0.10040E+01 -0.84027E+00 -0.83833E+00 -0.78442E+00 -0.78442E+00 -0.46388E+00 -0.43127E+00 -0.38632E+00 -0.34242E+00 -0.33608E+00 -0.33608E+00 -0.27185E+00 -0.27185E+00 -0.19808E+00 -0.19808E+00 -0.19025E+00 -0.16971E+00 -0.80964E-01 -0.80964E-01 -0.31514E-01 -0.28259E-01 -0.28259E-01  0.00000E+00  0.59186E+00  0.62665E+00
  0.18368E-01 -0.10115E+01 -0.10041E+01 -0.84027E+00 -0.83833E+00 -0.78443E+00 -0.78442E+00 -0.46382E+00 -0.43138E+00 -0.38627E+00 -0.34270E+00 -0.33608E+00 -0.33599E+00 -0.27185E+00 -0.27143E+00 -0.19839E+00 -0.19811E+00 -0.19009E+00 -0.16974E+00 -0.80993E-01 -0.80962E-01 -0.31515E-01 -0.28301E-01 -0.28173E-01 -0.48807E-04  0.59213E+00  0.62660E+00
  0.36737E-01 -0.10115E+01 -0.10041E+01 -0.84025E+00 -0.83834E+00 -0.78444E+00 -0.78441E+00 -0.46367E+00 -0.43171E+00 -0.38611E+00 -0.34350E+00 -0.33609E+00 -0.33577E+00 -0.27184E+00 -0.27021E+00 -0.19926E+00 -0.19819E+00 -0.18966E+00 -0.16985E+00 -0.81076E-01 -0.80956E-01 -0.31517E-01 -0.28424E-01 -0.27920E-01 -0.19447E-03  0.59291E+00  0.62647E+00
  0.55105E-01 -0.10114E+01 -0.10042E+01 -0.84023E+00 -0.83836E+00 -0.78445E+00 -0.78438E+00 -0.46341E+00 -0.43225E+00 -0.38583E+00 -0.34465E+00 -0.33611E+00 -0.33550E+00 -0.27182E+00 -0.26826E+00 -0.20056E+00 -0.19833E+00 -0.18908E+00 -0.17004E+00 -0.81207E-01 -0.80945E-01 -0.31515E-01 -0.28620E-01 -0.27510E-01 -0.43471E-03  0.59421E+00  0.62627E+00
  0.73474E-01 -0.10113E+01 -0.10043E+01 -0.84019E+00 -0.83839E+00 -0.78447E+00 -0.78436E+00 -0.46305E+00 -0.43299E+00 -0.38545E+00 -0.34603E+00 -0.33613E+00 -0.33524E+00 -0.27179E+00 -0.26572E+00 -0.20219E+00 -0.19851E+00 -0.18843E+00 -0.17030E+00 -0.81372E-01 -0.80926E-01 -0.31502E-01 -0.28875E-01 -0.26955E-01 -0.76581E-03  0.59599E+00  0.62603E+00
  0.91842E-01 -0.10111E+01 -0.10045E+01 -0.84015E+00 -0.83842E+00 -0.78449E+00 -0.78433E+00 -0.46259E+00 -0.43391E+00 -0.38494E+00 -0.34752E+00 -0.33616E+00 -0.33501E+00 -0.27176E+00 -0.26273E+00 -0.20410E+00 -0.19874E+00 -0.18776E+00 -0.17062E+00 -0.81556E-01 -0.80896E-01 -0.31475E-01 -0.29172E-01 -0.26271E-01 -0.11826E-02  0.59823E+00  0.62580E+00
  0.11021E+00 -0.10110E+01 -0.10046E+01 -0.84009E+00 -0.83846E+00 -0.78452E+00 -0.78430E+00 -0.46205E+00 -0.43499E+00 -0.38429E+00 -0.34904E+00 -0.33620E+00 -0.33482E+00 -0.27172E+00 -0.25947E+00 -0.20621E+00 -0.19902E+00 -0.18711E+00 -0.17101E+00 -0.81742E-01 -0.80854E-01 -0.31433E-01 -0.29492E-01 -0.25471E-01 -0.16786E-02  0.60086E+00  0.62563E+00
  0.12858E+00 -0.10108E+01 -0.10048E+01 -0.84003E+00 -0.83850E+00 -0.78455E+00 -0.78428E+00 -0.46144E+00 -0.43619E+00 -0.38351E+00 -0.35051E+00 -0.33624E+00 -0.33467E+00 -0.27168E+00 -0.25610E+00 -0.20848E+00 -0.19933E+00 -0.18646E+00 -0.17146E+00 -0.81909E-01 -0.80797E-01 -0.31373E-01 -0.29815E-01 -0.24573E-01 -0.22462E-02  0.60383E+00  0.62559E+00
  0.14695E+00 -0.10106E+01 -0.10051E+01 -0.83995E+00 -0.83854E+00 -0.78459E+00 -0.78427E+00 -0.46075E+00 -0.43751E+00 -0.38257E+00 -0.35189E+00 -0.33628E+00 -0.33457E+00 -0.27163E+00 -0.25282E+00 -0.21079E+00 -0.19967E+00 -0.18584E+00 -0.17196E+00 -0.82039E-01 -0.80723E-01 -0.31297E-01 -0.30119E-01 -0.23592E-01 -0.28766E-02  0.60703E+00  0.62574E+00
  0.16532E+00 -0.10103E+01 -0.10053E+01 -0.83988E+00 -0.83858E+00 -0.78463E+00 -0.78426E+00 -0.46001E+00 -0.43889E+00 -0.38148E+00 -0.35316E+00 -0.33633E+00 -0.33452E+00 -0.27158E+00 -0.24987E+00 -0.21301E+00 -0.20004E+00 -0.18523E+00 -0.17252E+00 -0.82117E-01 -0.80630E-01 -0.31204E-01 -0.30386E-01 -0.22547E-01 -0.35598E-02  0.61035E+00  0.62620E+00
  0.18368E+00 -0.10101E+01 -0.10056E+01 -0.83979E+00 -0.83862E+00 -0.78467E+00 -0.78427E+00 -0.45923E+00 -0.44031E+00 -0.38022E+00 -0.35428E+00 -0.33638E+00 -0.33451E+00 -0.27153E+00 -0.24753E+00 -0.21490E+00 -0.20042E+00 -0.18463E+00 -0.17311E+00 -0.82129E-01 -0.80519E-01 -0.31096E-01 -0.30603E-01 -0.21455E-01 -0.42851E-02  0.61355E+00  0.62716E+00
  0.20205E+00 -0.10098E+01 -0.10058E+01 -0.83970E+00 -0.83866E+00 -0.78471E+00 -0.78430E+00 -0.45843E+00 -0.44175E+00 -0.37878E+00 -0.35527E+00 -0.33643E+00 -0.33454E+00 -0.27147E+00 -0.24613E+00 -0.21620E+00 -0.20082E+00 -0.18405E+00 -0.17373E+00 -0.82066E-01 -0.80391E-01 -0.30974E-01 -0.30757E-01 -0.20336E-01 -0.50411E-02  0.61636E+00  0.62884E+00
  0.22042E+00 -0.10096E+01 -0.10061E+01 -0.83960E+00 -0.83870E+00 -0.78475E+00 -0.78434E+00 -0.45761E+00 -0.44317E+00 -0.37718E+00 -0.35611E+00 -0.33648E+00 -0.33462E+00 -0.27141E+00 -0.24596E+00 -0.21662E+00 -0.20122E+00 -0.18348E+00 -0.17438E+00 -0.81926E-01 -0.80246E-01 -0.30841E-01 -0.30838E-01 -0.19210E-01 -0.58152E-02  0.61855E+00  0.62973E+00
  0.23879E+00 -0.10093E+01 -0.10063E+01 -0.83951E+00 -0.83873E+00 -0.78479E+00 -0.78440E+00 -0.45679E+00 -0.44454E+00 -0.37542E+00 -0.35681E+00 -0.33654E+00 -0.33474E+00 -0.27136E+00 -0.24706E+00 -0.21613E+00 -0.20161E+00 -0.18294E+00 -0.17504E+00 -0.81710E-01 -0.80090E-01 -0.30855E-01 -0.30692E-01 -0.18097E-01 -0.65944E-02  0.62016E+00  0.62966E+00
  0.25716E+00 -0.10091E+01 -0.10066E+01 -0.83941E+00 -0.83876E+00 -0.78483E+00 -0.78447E+00 -0.45600E+00 -0.44584E+00 -0.37352E+00 -0.35739E+00 -0.33659E+00 -0.33490E+00 -0.27130E+00 -0.24921E+00 -0.21492E+00 -0.20199E+00 -0.18242E+00 -0.17571E+00 -0.81428E-01 -0.79925E-01 -0.30802E-01 -0.30537E-01 -0.17016E-01 -0.73652E-02  0.62138E+00  0.62948E+00
  0.27553E+00 -0.10088E+01 -0.10068E+01 -0.83932E+00 -0.83879E+00 -0.78487E+00 -0.78455E+00 -0.45524E+00 -0.44706E+00 -0.37149E+00 -0.35786E+00 -0.33663E+00 -0.33510E+00 -0.27125E+00 -0.25208E+00 -0.21328E+00 -0.20236E+00 -0.18192E+00 -0.17637E+00 -0.81092E-01 -0.79756E-01 -0.30689E-01 -0.30377E-01 -0.15988E-01 -0.81132E-02  0.62239E+00  0.62922E+00
  0.29390E+00 -0.10086E+01 -0.10070E+01 -0.83923E+00 -0.83881E+00 -0.78490E+00 -0.78463E+00 -0.45454E+00 -0.44816E+00 -0.36939E+00 -0.35823E+00 -0.33668E+00 -0.33533E+00 -0.27120E+00 -0.25533E+00 -0.21149E+00 -0.20270E+00 -0.18146E+00 -0.17702E+00 -0.80720E-01 -0.79589E-01 -0.30530E-01 -0.30214E-01 -0.15030E-01 -0.88237E-02  0.62329E+00  0.62888E+00
  0.31226E+00 -0.10084E+01 -0.10072E+01 -0.83914E+00 -0.83883E+00 -0.78494E+00 -0.78472E+00 -0.45390E+00 -0.44915E+00 -0.36726E+00 -0.35851E+00 -0.33672E+00 -0.33559E+00 -0.27115E+00 -0.25869E+00 -0.20971E+00 -0.20301E+00 -0.18104E+00 -0.17764E+00 -0.80334E-01 -0.79429E-01 -0.30338E-01 -0.30055E-01 -0.14159E-01 -0.94817E-02  0.62412E+00  0.62850E+00
  0.33063E+00 -0.10082E+01 -0.10074E+01 -0.83907E+00 -0.83884E+00 -0.78497E+00 -0.78480E+00 -0.45334E+00 -0.45000E+00 -0.36519E+00 -0.35872E+00 -0.33676E+00 -0.33587E+00 -0.27111E+00 -0.26196E+00 -0.20807E+00 -0.20328E+00 -0.18068E+00 -0.17822E+00 -0.79956E-01 -0.79281E-01 -0.30133E-01 -0.29905E-01 -0.13393E-01 -0.10072E-01  0.62488E+00  0.62810E+00
  0.34900E+00 -0.10081E+01 -0.10075E+01 -0.83900E+00 -0.83886E+00 -0.78499E+00 -0.78488E+00 -0.45286E+00 -0.45071E+00 -0.36325E+00 -0.35887E+00 -0.33679E+00 -0.33615E+00 -0.27108E+00 -0.26494E+00 -0.20665E+00 -0.20351E+00 -0.18036E+00 -0.17874E+00 -0.79610E-01 -0.79152E-01 -0.29932E-01 -0.29769E-01 -0.12746E-01 -0.10581E-01  0.62556E+00  0.62772E+00
  0.36737E+00 -0.10080E+01 -0.10076E+01 -0.83895E+00 -0.83886E+00 -0.78501E+00 -0.78495E+00 -0.45249E+00 -0.45127E+00 -0.36156E+00 -0.35897E+00 -0.33681E+00 -0.33642E+00 -0.27105E+00 -0.26747E+00 -0.20549E+00 -0.20369E+00 -0.18012E+00 -0.17918E+00 -0.79315E-01 -0.79046E-01 -0.29754E-01 -0.29654E-01 -0.12229E-01 -0.10993E-01  0.62613E+00  0.62739E+00
  0.38574E+00 -0.10079E+01 -0.10077E+01 -0.83891E+00 -0.83887E+00 -0.78502E+00 -0.78499E+00 -0.45221E+00 -0.45167E+00 -0.36024E+00 -0.35904E+00 -0.33683E+00 -0.33664E+00 -0.27103E+00 -0.26940E+00 -0.20463E+00 -0.20382E+00 -0.17994E+00 -0.17951E+00 -0.79090E-01 -0.78967E-01 -0.29614E-01 -0.29567E-01 -0.11852E-01 -0.11297E-01  0.62656E+00  0.62714E+00
  0.40411E+00 -0.10078E+01 -0.10078E+01 -0.83888E+00 -0.83887E+00 -0.78503E+00 -0.78503E+00 -0.45205E+00 -0.45191E+00 -0.35938E+00 -0.35908E+00 -0.33684E+00 -0.33679E+00 -0.27102E+00 -0.27061E+00 -0.20411E+00 -0.20390E+00 -0.17983E+00 -0.17972E+00 -0.78950E-01 -0.78919E-01 -0.29524E-01 -0.29512E-01 -0.11623E-01 -0.11484E-01  0.62683E+00  0.62697E+00
  0.42247E+00 -0.10078E+01 -0.10078E+01 -0.83888E+00 -0.83888E+00 -0.78504E+00 -0.78504E+00 -0.45199E+00 -0.45199E+00 -0.35909E+00 -0.35909E+00 -0.33684E+00 -0.33684E+00 -0.27102E+00 -0.27102E+00 -0.20393E+00 -0.20393E+00 -0.17979E+00 -0.17979E+00 -0.78902E-01 -0.78902E-01 -0.29494E-01 -0.29494E-01 -0.11547E-01 -0.11547E-01  0.62692E+00  0.62692E+00
  0.44084E+00 -0.10078E+01 -0.10078E+01 -0.83888E+00 -0.83888E+00 -0.78503E+00 -0.78503E+00 -0.45198E+00 -0.45198E+00 -0.35922E+00 -0.35922E+00 -0.33682E+00 -0.33682E+00 -0.27083E+00 -0.27083E+00 -0.20400E+00 -0.20400E+00 -0.17977E+00 -0.17977E+00 -0.78932E-01 -0.78932E-01 -0.29516E-01 -0.29516E-01 -0.11553E-01 -0.11553E-01  0.62690E+00  0.62690E+00
  0.45842E+00 -0.10078E+01 -0.10078E+01 -0.83889E+00 -0.83889E+00 -0.78501E+00 -0.78501E+00 -0.45194E+00 -0.45194E+00 -0.35960E+00 -0.35960E+00 -0.33674E+00 -0.33674E+00 -0.27027E+00 -0.27027E+00 -0.20421E+00 -0.20421E+00 -0.17973E+00 -0.17973E+00 -0.79019E-01 -0.79019E-01 -0.29583E-01 -0.29583E-01 -0.11572E-01 -0.11572E-01  0.62685E+00  0.62685E+00
  0.47599E+00 -0.10078E+01 -0.10078E+01 -0.83890E+00 -0.83890E+00 -0.78498E+00 -0.78498E+00 -0.45189E+00 -0.45189E+00 -0.36021E+00 -0.36021E+00 -0.33662E+00 -0.33662E+00 -0.26937E+00 -0.26937E+00 -0.20455E+00 -0.20455E+00 -0.17965E+00 -0.17965E+00 -0.79161E-01 -0.79161E-01 -0.29692E-01 -0.29692E-01 -0.11603E-01 -0.11603E-01  0.62677E+00  0.62677E+00
  0.49356E+00 -0.10078E+01 -0.10078E+01 -0.83892E+00 -0.83892E+00 -0.78494E+00 -0.78494E+00 -0.45181E+00 -0.45181E+00 -0.36102E+00 -0.36102E+00 -0.33647E+00 -0.33647E+00 -0.26813E+00 -0.26813E+00 -0.20502E+00 -0.20502E+00 -0.17955E+00 -0.17955E+00 -0.79354E-01 -0.79354E-01 -0.29839E-01 -0.29839E-01 -0.11645E-01 -0.11645E-01  0.62667E+00  0.62667E+00
  0.51113E+00 -0.10078E+01 -0.10078E+01 -0.83895E+00 -0.83895E+00 -0.78489E+00 -0.78489E+00 -0.45172E+00 -0.45172E+00 -0.36198E+00 -0.36198E+00 -0.33629E+00 -0.33629E+00 -0.26662E+00 -0.26662E+00 -0.20562E+00 -0.20562E+00 -0.17943E+00 -0.17943E+00 -0.79592E-01 -0.79592E-01 -0.30018E-01 -0.30018E-01 -0.11697E-01 -0.11697E-01  0.62655E+00  0.62655E+00
  0.52871E+00 -0.10078E+01 -0.10078E+01 -0.83898E+00 -0.83898E+00 -0.78484E+00 -0.78484E+00 -0.45161E+00 -0.45161E+00 -0.36305E+00 -0.36305E+00 -0.33611E+00 -0.33611E+00 -0.26486E+00 -0.26486E+00 -0.20634E+00 -0.20634E+00 -0.17929E+00 -0.17929E+00 -0.79865E-01 -0.79865E-01 -0.30222E-01 -0.30222E-01 -0.11758E-01 -0.11758E-01  0.62641E+00  0.62641E+00
  0.54628E+00 -0.10078E+01 -0.10078E+01 -0.83901E+00 -0.83901E+00 -0.78477E+00 -0.78477E+00 -0.45148E+00 -0.45148E+00 -0.36419E+00 -0.36419E+00 -0.33592E+00 -0.33592E+00 -0.26290E+00 -0.26290E+00 -0.20717E+00 -0.20717E+00 -0.17914E+00 -0.17914E+00 -0.80166E-01 -0.80166E-01 -0.30445E-01 -0.30445E-01 -0.11826E-01 -0.11826E-01  0.62627E+00  0.62627E+00
  0.56385E+00 -0.10078E+01 -0.10078E+01 -0.83904E+00 -0.83904E+00 -0.78471E+00 -0.78471E+00 -0.45135E+00 -0.45135E+00 -0.36536E+00 -0.36536E+00 -0.33573E+00 -0.33573E+00 -0.26081E+00 -0.26081E+00 -0.20811E+00 -0.20811E+00 -0.17899E+00 -0.17899E+00 -0.80484E-01 -0.80484E-01 -0.30678E-01 -0.30678E-01 -0.11899E-01 -0.11899E-01  0.62613E+00  0.62613E+00
  0.58142E+00 -0.10078E+01 -0.10078E+01 -0.83908E+00 -0.83908E+00 -0.78464E+00 -0.78464E+00 -0.45121E+00 -0.45121E+00 -0.36651E+00 -0.36651E+00 -0.33556E+00 -0.33556E+00 -0.25862E+00 -0.25862E+00 -0.20913E+00 -0.20913E+00 -0.17884E+00 -0.17884E+00 -0.80809E-01 -0.80809E-01 -0.30913E-01 -0.30913E-01 -0.11974E-01 -0.11974E-01  0.62599E+00  0.62599E+00
  0.59900E+00 -0.10078E+01 -0.10078E+01 -0.83911E+00 -0.83911E+00 -0.78458E+00 -0.78458E+00 -0.45108E+00 -0.45108E+00 -0.36762E+00 -0.36762E+00 -0.33539E+00 -0.33539E+00 -0.25641E+00 -0.25641E+00 -0.21022E+00 -0.21022E+00 -0.17869E+00 -0.17869E+00 -0.81129E-01 -0.81129E-01 -0.31143E-01 -0.31143E-01 -0.12049E-01 -0.12049E-01  0.62586E+00  0.62586E+00
  0.61657E+00 -0.10078E+01 -0.10078E+01 -0.83914E+00 -0.83914E+00 -0.78452E+00 -0.78452E+00 -0.45095E+00 -0.45095E+00 -0.36864E+00 -0.36864E+00 -0.33525E+00 -0.33525E+00 -0.25423E+00 -0.25423E+00 -0.21135E+00 -0.21135E+00 -0.17856E+00 -0.17856E+00 -0.81433E-01 -0.81433E-01 -0.31359E-01 -0.31359E-01 -0.12121E-01 -0.12121E-01  0.62575E+00  0.62575E+00
  0.63414E+00 -0.10078E+01 -0.10078E+01 -0.83917E+00 -0.83917E+00 -0.78446E+00 -0.78446E+00 -0.45083E+00 -0.45083E+00 -0.36955E+00 -0.36955E+00 -0.33512E+00 -0.33512E+00 -0.25216E+00 -0.25216E+00 -0.21248E+00 -0.21248E+00 -0.17844E+00 -0.17844E+00 -0.81711E-01 -0.81711E-01 -0.31555E-01 -0.31555E-01 -0.12188E-01 -0.12188E-01  0.62565E+00  0.62565E+00
  0.65171E+00 -0.10078E+01 -0.10078E+01 -0.83919E+00 -0.83919E+00 -0.78441E+00 -0.78441E+00 -0.45072E+00 -0.45072E+00 -0.37033E+00 -0.37033E+00 -0.33501E+00 -0.33501E+00 -0.25027E+00 -0.25027E+00 -0.21356E+00 -0.21356E+00 -0.17833E+00 -0.17833E+00 -0.81953E-01 -0.81953E-01 -0.31725E-01 -0.31725E-01 -0.12246E-01 -0.12246E-01  0.62557E+00  0.62557E+00
  0.66929E+00 -0.10078E+01 -0.10078E+01 -0.83922E+00 -0.83922E+00 -0.78437E+00 -0.78437E+00 -0.45063E+00 -0.45063E+00 -0.37096E+00 -0.37096E+00 -0.33493E+00 -0.33493E+00 -0.24865E+00 -0.24865E+00 -0.21452E+00 -0.21452E+00 -0.17825E+00 -0.17825E+00 -0.82151E-01 -0.82151E-01 -0.31863E-01 -0.31863E-01 -0.12294E-01 -0.12294E-01  0.62551E+00  0.62551E+00
  0.68686E+00 -0.10078E+01 -0.10078E+01 -0.83923E+00 -0.83923E+00 -0.78434E+00 -0.78434E+00 -0.45057E+00 -0.45057E+00 -0.37141E+00 -0.37141E+00 -0.33487E+00 -0.33487E+00 -0.24740E+00 -0.24740E+00 -0.21529E+00 -0.21529E+00 -0.17819E+00 -0.17819E+00 -0.82297E-01 -0.82297E-01 -0.31964E-01 -0.31964E-01 -0.12330E-01 -0.12330E-01  0.62546E+00  0.62546E+00
  0.70443E+00 -0.10078E+01 -0.10078E+01 -0.83924E+00 -0.83924E+00 -0.78432E+00 -0.78432E+00 -0.45053E+00 -0.45053E+00 -0.37169E+00 -0.37169E+00 -0.33483E+00 -0.33483E+00 -0.24660E+00 -0.24660E+00 -0.21579E+00 -0.21579E+00 -0.17815E+00 -0.17815E+00 -0.82387E-01 -0.82387E-01 -0.32026E-01 -0.32026E-01 -0.12352E-01 -0.12352E-01  0.62543E+00  0.62543E+00
  0.72201E+00 -0.10078E+01 -0.10078E+01 -0.83924E+00 -0.83924E+00 -0.78432E+00 -0.78432E+00 -0.45051E+00 -0.45051E+00 -0.37179E+00 -0.37179E+00 -0.33482E+00 -0.33482E+00 -0.24633E+00 -0.24633E+00 -0.21597E+00 -0.21597E+00 -0.17814E+00 -0.17814E+00 -0.82417E-01 -0.82417E-01 -0.32047E-01 -0.32047E-01 -0.12360E-01 -0.12360E-01  0.62543E+00  0.62543E+00
  0.73958E+00 -0.10078E+01 -0.10078E+01 -0.83932E+00 -0.83932E+00 -0.78430E+00 -0.78430E+00 -0.45038E+00 -0.45038E+00 -0.37163E+00 -0.37163E+00 -0.33495E+00 -0.33495E+00 -0.24634E+00 -0.24634E+00 -0.21600E+00 -0.21600E+00 -0.17837E+00 -0.17837E+00 -0.82217E-01 -0.82217E-01 -0.32129E-01 -0.32129E-01 -0.12362E-01 -0.12362E-01  0.62551E+00  0.62551E+00
  0.75732E+00 -0.10077E+01 -0.10077E+01 -0.83957E+00 -0.83957E+00 -0.78427E+00 -0.78427E+00 -0.45000E+00 -0.45000E+00 -0.37115E+00 -0.37115E+00 -0.33534E+00 -0.33534E+00 -0.24638E+00 -0.24638E+00 -0.21607E+00 -0.21607E+00 -0.17906E+00 -0.17906E+00 -0.81622E-01 -0.81622E-01 -0.32372E-01 -0.32372E-01 -0.12368E-01 -0.12368E-01  0.62576E+00  0.62576E+00
  0.77507E+00 -0.10076E+01 -0.10076E+01 -0.83997E+00 -0.83997E+00 -0.78420E+00 -0.78420E+00 -0.44937E+00 -0.44937E+00 -0.37036E+00 -0.37036E+00 -0.33597E+00 -0.33597E+00 -0.24646E+00 -0.24646E+00 -0.21621E+00 -0.21621E+00 -0.18018E+00 -0.18018E+00 -0.80648E-01 -0.80648E-01 -0.32770E-01 -0.32770E-01 -0.12379E-01 -0.12379E-01  0.62617E+00  0.62617E+00
  0.79282E+00 -0.10074E+01 -0.10074E+01 -0.84051E+00 -0.84051E+00 -0.78412E+00 -0.78412E+00 -0.44852E+00 -0.44852E+00 -0.36924E+00 -0.36924E+00 -0.33682E+00 -0.33682E+00 -0.24660E+00 -0.24660E+00 -0.21640E+00 -0.21640E+00 -0.18172E+00 -0.18172E+00 -0.79322E-01 -0.79322E-01 -0.33312E-01 -0.33312E-01 -0.12392E-01 -0.12392E-01  0.62673E+00  0.62673E+00
  0.81056E+00 -0.10072E+01 -0.10072E+01 -0.84118E+00 -0.84118E+00 -0.78402E+00 -0.78402E+00 -0.44748E+00 -0.44748E+00 -0.36779E+00 -0.36779E+00 -0.33785E+00 -0.33785E+00 -0.24682E+00 -0.24682E+00 -0.21665E+00 -0.21665E+00 -0.18362E+00 -0.18362E+00 -0.77679E-01 -0.77679E-01 -0.33982E-01 -0.33982E-01 -0.12408E-01 -0.12408E-01  0.62743E+00  0.62743E+00
  0.82831E+00 -0.10069E+01 -0.10069E+01 -0.84197E+00 -0.84197E+00 -0.78389E+00 -0.78389E+00 -0.44628E+00 -0.44628E+00 -0.36601E+00 -0.36601E+00 -0.33903E+00 -0.33903E+00 -0.24715E+00 -0.24715E+00 -0.21698E+00 -0.21698E+00 -0.18584E+00 -0.18584E+00 -0.75764E-01 -0.75764E-01 -0.34763E-01 -0.34763E-01 -0.12425E-01 -0.12425E-01  0.62825E+00  0.62825E+00
  0.84605E+00 -0.10066E+01 -0.10066E+01 -0.84285E+00 -0.84285E+00 -0.78376E+00 -0.78376E+00 -0.44495E+00 -0.44495E+00 -0.36392E+00 -0.36392E+00 -0.34031E+00 -0.34031E+00 -0.24764E+00 -0.24764E+00 -0.21738E+00 -0.21738E+00 -0.18829E+00 -0.18829E+00 -0.73626E-01 -0.73626E-01 -0.35633E-01 -0.35633E-01 -0.12443E-01 -0.12443E-01  0.62919E+00  0.62919E+00
  0.86380E+00 -0.10063E+01 -0.10063E+01 -0.84380E+00 -0.84380E+00 -0.78362E+00 -0.78362E+00 -0.44355E+00 -0.44355E+00 -0.36152E+00 -0.36152E+00 -0.34162E+00 -0.34162E+00 -0.24833E+00 -0.24833E+00 -0.21787E+00 -0.21787E+00 -0.19088E+00 -0.19088E+00 -0.71320E-01 -0.71320E-01 -0.36569E-01 -0.36569E-01 -0.12462E-01 -0.12462E-01  0.63021E+00  0.63021E+00
  0.88155E+00 -0.10059E+01 -0.10059E+01 -0.84480E+00 -0.84480E+00 -0.78347E+00 -0.78347E+00 -0.44210E+00 -0.44210E+00 -0.35886E+00 -0.35886E+00 -0.34289E+00 -0.34289E+00 -0.24929E+00 -0.24929E+00 -0.21845E+00 -0.21845E+00 -0.19353E+00 -0.19353E+00 -0.68903E-01 -0.68903E-01 -0.37547E-01 -0.37547E-01 -0.12481E-01 -0.12481E-01  0.63130E+00  0.63130E+00
  0.89929E+00 -0.10056E+01 -0.10056E+01 -0.84581E+00 -0.84581E+00 -0.78332E+00 -0.78332E+00 -0.44066E+00 -0.44066E+00 -0.35608E+00 -0.35608E+00 -0.34395E+00 -0.34395E+00 -0.25057E+00 -0.25057E+00 -0.21913E+00 -0.21913E+00 -0.19611E+00 -0.19611E+00 -0.66436E-01 -0.66436E-01 -0.38542E-01 -0.38542E-01 -0.12500E-01 -0.12500E-01  0.63242E+00  0.63242E+00
  0.91704E+00 -0.10052E+01 -0.10052E+01 -0.84683E+00 -0.84683E+00 -0.78317E+00 -0.78317E+00 -0.43925E+00 -0.43925E+00 -0.35351E+00 -0.35351E+00 -0.34444E+00 -0.34444E+00 -0.25223E+00 -0.25223E+00 -0.21990E+00 -0.21990E+00 -0.19851E+00 -0.19851E+00 -0.63979E-01 -0.63979E-01 -0.39529E-01 -0.39529E-01 -0.12519E-01 -0.12519E-01  0.63356E+00  0.63356E+00
  0.93479E+00 -0.10049E+01 -0.10049E+01 -0.84782E+00 -0.84782E+00 -0.78302E+00 -0.78302E+00 -0.43792E+00 -0.43792E+00 -0.35192E+00 -0.35192E+00 -0.34360E+00 -0.34360E+00 -0.25434E+00 -0.25434E+00 -0.22073E+00 -0.22073E+00 -0.20066E+00 -0.20066E+00 -0.61591E-01 -0.61591E-01 -0.40486E-01 -0.40486E-01 -0.12538E-01 -0.12538E-01  0.63469E+00  0.63469E+00
  0.95253E+00 -0.10045E+01 -0.10045E+01 -0.84876E+00 -0.84876E+00 -0.78289E+00 -0.78289E+00 -0.43668E+00 -0.43668E+00 -0.35173E+00 -0.35173E+00 -0.34104E+00 -0.34104E+00 -0.25690E+00 -0.25690E+00 -0.22157E+00 -0.22157E+00 -0.20248E+00 -0.20248E+00 -0.59327E-01 -0.59327E-01 -0.41390E-01 -0.41390E-01 -0.12557E-01 -0.12557E-01  0.63577E+00  0.63577E+00
  0.97028E+00 -0.10042E+01 -0.10042E+01 -0.84962E+00 -0.84962E+00 -0.78276E+00 -0.78276E+00 -0.43558E+00 -0.43558E+00 -0.35227E+00 -0.35227E+00 -0.33746E+00 -0.33746E+00 -0.25989E+00 -0.25989E+00 -0.22239E+00 -0.22239E+00 -0.20397E+00 -0.20397E+00 -0.57242E-01 -0.57242E-01 -0.42221E-01 -0.42221E-01 -0.12576E-01 -0.12576E-01  0.63678E+00  0.63678E+00
  0.98802E+00 -0.10039E+01 -0.10039E+01 -0.85039E+00 -0.85039E+00 -0.78265E+00 -0.78265E+00 -0.43461E+00 -0.43461E+00 -0.35301E+00 -0.35301E+00 -0.33346E+00 -0.33346E+00 -0.26321E+00 -0.26321E+00 -0.22313E+00 -0.22313E+00 -0.20514E+00 -0.20514E+00 -0.55383E-01 -0.55383E-01 -0.42960E-01 -0.42960E-01 -0.12593E-01 -0.12593E-01  0.63768E+00  0.63768E+00
  0.10058E+01 -0.10037E+01 -0.10037E+01 -0.85104E+00 -0.85104E+00 -0.78256E+00 -0.78256E+00 -0.43381E+00 -0.43381E+00 -0.35374E+00 -0.35374E+00 -0.32941E+00 -0.32941E+00 -0.26670E+00 -0.26670E+00 -0.22375E+00 -0.22375E+00 -0.20603E+00 -0.20603E+00 -0.53793E-01 -0.53793E-01 -0.43593E-01 -0.43593E-01 -0.12609E-01 -0.12609E-01  0.63847E+00  0.63847E+00
  0.10235E+01 -0.10035E+01 -0.10035E+01 -0.85157E+00 -0.85157E+00 -0.78248E+00 -0.78248E+00 -0.43318E+00 -0.43318E+00 -0.35435E+00 -0.35435E+00 -0.32560E+00 -0.32560E+00 -0.27010E+00 -0.27010E+00 -0.22423E+00 -0.22423E+00 -0.20668E+00 -0.20668E+00 -0.52511E-01 -0.52511E-01 -0.44105E-01 -0.44105E-01 -0.12623E-01 -0.12623E-01  0.63910E+00  0.63910E+00
  0.10413E+01 -0.10033E+01 -0.10033E+01 -0.85196E+00 -0.85196E+00 -0.78243E+00 -0.78243E+00 -0.43272E+00 -0.43272E+00 -0.35481E+00 -0.35481E+00 -0.32236E+00 -0.32236E+00 -0.27305E+00 -0.27305E+00 -0.22458E+00 -0.22458E+00 -0.20712E+00 -0.20712E+00 -0.51566E-01 -0.51566E-01 -0.44485E-01 -0.44485E-01 -0.12633E-01 -0.12633E-01  0.63957E+00  0.63957E+00
  0.10590E+01 -0.10032E+01 -0.10032E+01 -0.85219E+00 -0.85219E+00 -0.78239E+00 -0.78239E+00 -0.43244E+00 -0.43244E+00 -0.35510E+00 -0.35510E+00 -0.32013E+00 -0.32013E+00 -0.27512E+00 -0.27512E+00 -0.22478E+00 -0.22478E+00 -0.20737E+00 -0.20737E+00 -0.50987E-01 -0.50987E-01 -0.44720E-01 -0.44720E-01 -0.12640E-01 -0.12640E-01  0.63985E+00  0.63985E+00
  0.10768E+01 -0.10032E+01 -0.10032E+01 -0.85227E+00 -0.85227E+00 -0.78238E+00 -0.78238E+00 -0.43235E+00 -0.43235E+00 -0.35519E+00 -0.35519E+00 -0.31933E+00 -0.31933E+00 -0.27588E+00 -0.27588E+00 -0.22485E+00 -0.22485E+00 -0.20745E+00 -0.20745E+00 -0.50791E-01 -0.50791E-01 -0.44800E-01 -0.44800E-01 -0.12642E-01 -0.12642E-01  0.63995E+00  0.63995E+00
  0.10945E+01 -0.10032E+01 -0.10032E+01 -0.85226E+00 -0.85226E+00 -0.78239E+00 -0.78239E+00 -0.43233E+00 -0.43233E+00 -0.35520E+00 -0.35520E+00 -0.31931E+00 -0.31931E+00 -0.27583E+00 -0.27583E+00 -0.22511E+00 -0.22511E+00 -0.20731E+00 -0.20731E+00 -0.50798E-01 -0.50798E-01 -0.44752E-01 -0.44752E-01 -0.12630E-01 -0.12630E-01  0.63996E+00  0.63996E+00
  0.11121E+01 -0.10032E+01 -0.10032E+01 -0.85224E+00 -0.85224E+00 -0.78242E+00 -0.78242E+00 -0.43228E+00 -0.43228E+00 -0.35524E+00 -0.35524E+00 -0.31924E+00 -0.31924E+00 -0.27569E+00 -0.27569E+00 -0.22586E+00 -0.22586E+00 -0.20689E+00 -0.20689E+00 -0.50816E-01 -0.50816E-01 -0.44610E-01 -0.44610E-01 -0.12595E-01 -0.12595E-01  0.64001E+00  0.64001E+00
  0.11296E+01 -0.10032E+01 -0.10032E+01 -0.85221E+00 -0.85221E+00 -0.78247E+00 -0.78247E+00 -0.43218E+00 -0.43218E+00 -0.35530E+00 -0.35530E+00 -0.31913E+00 -0.31913E+00 -0.27546E+00 -0.27546E+00 -0.22703E+00 -0.22703E+00 -0.20629E+00 -0.20629E+00 -0.50844E-01 -0.50844E-01 -0.44380E-01 -0.44380E-01 -0.12538E-01 -0.12538E-01  0.64007E+00  0.64007E+00
  0.11472E+01 -0.10032E+01 -0.10032E+01 -0.85217E+00 -0.85217E+00 -0.78254E+00 -0.78254E+00 -0.43206E+00 -0.43206E+00 -0.35539E+00 -0.35539E+00 -0.31899E+00 -0.31899E+00 -0.27514E+00 -0.27514E+00 -0.22853E+00 -0.22853E+00 -0.20556E+00 -0.20556E+00 -0.50879E-01 -0.50879E-01 -0.44072E-01 -0.44072E-01 -0.12462E-01 -0.12462E-01  0.64017E+00  0.64017E+00
  0.11648E+01 -0.10032E+01 -0.10032E+01 -0.85212E+00 -0.85212E+00 -0.78262E+00 -0.78262E+00 -0.43191E+00 -0.43191E+00 -0.35549E+00 -0.35549E+00 -0.31881E+00 -0.31881E+00 -0.27473E+00 -0.27473E+00 -0.23027E+00 -0.23027E+00 -0.20479E+00 -0.20479E+00 -0.50918E-01 -0.50918E-01 -0.43697E-01 -0.43697E-01 -0.12371E-01 -0.12371E-01  0.64029E+00  0.64029E+00
  0.11824E+01 -0.10032E+01 -0.10032E+01 -0.85206E+00 -0.85206E+00 -0.78272E+00 -0.78272E+00 -0.43173E+00 -0.43173E+00 -0.35560E+00 -0.35560E+00 -0.31860E+00 -0.31860E+00 -0.27422E+00 -0.27422E+00 -0.23219E+00 -0.23219E+00 -0.20401E+00 -0.20401E+00 -0.50958E-01 -0.50958E-01 -0.43268E-01 -0.43268E-01 -0.12268E-01 -0.12268E-01  0.64043E+00  0.64043E+00
  0.11999E+01 -0.10032E+01 -0.10032E+01 -0.85200E+00 -0.85200E+00 -0.78283E+00 -0.78283E+00 -0.43154E+00 -0.43154E+00 -0.35573E+00 -0.35573E+00 -0.31837E+00 -0.31837E+00 -0.27362E+00 -0.27362E+00 -0.23423E+00 -0.23423E+00 -0.20326E+00 -0.20326E+00 -0.50997E-01 -0.50997E-01 -0.42800E-01 -0.42800E-01 -0.12159E-01 -0.12159E-01  0.64060E+00  0.64060E+00
  0.12175E+01 -0.10032E+01 -0.10032E+01 -0.85193E+00 -0.85193E+00 -0.78294E+00 -0.78294E+00 -0.43133E+00 -0.43133E+00 -0.35586E+00 -0.35586E+00 -0.31812E+00 -0.31812E+00 -0.27293E+00 -0.27293E+00 -0.23634E+00 -0.23634E+00 -0.20257E+00 -0.20257E+00 -0.51034E-01 -0.51034E-01 -0.42308E-01 -0.42308E-01 -0.12047E-01 -0.12047E-01  0.64078E+00  0.64078E+00
  0.12351E+01 -0.10032E+01 -0.10032E+01 -0.85186E+00 -0.85186E+00 -0.78305E+00 -0.78305E+00 -0.43113E+00 -0.43113E+00 -0.35600E+00 -0.35600E+00 -0.31788E+00 -0.31788E+00 -0.27215E+00 -0.27215E+00 -0.23849E+00 -0.23849E+00 -0.20194E+00 -0.20194E+00 -0.51068E-01 -0.51068E-01 -0.41808E-01 -0.41808E-01 -0.11937E-01 -0.11937E-01  0.64097E+00  0.64097E+00
  0.12527E+01 -0.10032E+01 -0.10032E+01 -0.85179E+00 -0.85179E+00 -0.78316E+00 -0.78316E+00 -0.43092E+00 -0.43092E+00 -0.35613E+00 -0.35613E+00 -0.31763E+00 -0.31763E+00 -0.27129E+00 -0.27129E+00 -0.24064E+00 -0.24064E+00 -0.20139E+00 -0.20139E+00 -0.51097E-01 -0.51097E-01 -0.41318E-01 -0.41318E-01 -0.11833E-01 -0.11833E-01  0.64116E+00  0.64116E+00
  0.12702E+01 -0.10032E+01 -0.10032E+01 -0.85172E+00 -0.85172E+00 -0.78327E+00 -0.78327E+00 -0.43073E+00 -0.43073E+00 -0.35626E+00 -0.35626E+00 -0.31740E+00 -0.31740E+00 -0.27037E+00 -0.27037E+00 -0.24274E+00 -0.24274E+00 -0.20091E+00 -0.20091E+00 -0.51123E-01 -0.51123E-01 -0.40852E-01 -0.40852E-01 -0.11738E-01 -0.11738E-01  0.64135E+00  0.64135E+00
  0.12878E+01 -0.10032E+01 -0.10032E+01 -0.85166E+00 -0.85166E+00 -0.78337E+00 -0.78337E+00 -0.43055E+00 -0.43055E+00 -0.35637E+00 -0.35637E+00 -0.31718E+00 -0.31718E+00 -0.26941E+00 -0.26941E+00 -0.24474E+00 -0.24474E+00 -0.20051E+00 -0.20051E+00 -0.51145E-01 -0.51145E-01 -0.40426E-01 -0.40426E-01 -0.11654E-01 -0.11654E-01  0.64153E+00  0.64153E+00
  0.13054E+01 -0.10032E+01 -0.10032E+01 -0.85161E+00 -0.85161E+00 -0.78345E+00 -0.78345E+00 -0.43040E+00 -0.43040E+00 -0.35647E+00 -0.35647E+00 -0.31699E+00 -0.31699E+00 -0.26844E+00 -0.26844E+00 -0.24659E+00 -0.24659E+00 -0.20018E+00 -0.20018E+00 -0.51163E-01 -0.51163E-01 -0.40056E-01 -0.40056E-01 -0.11584E-01 -0.11584E-01  0.64170E+00  0.64170E+00
  0.13229E+01 -0.10032E+01 -0.10032E+01 -0.85157E+00 -0.85157E+00 -0.78352E+00 -0.78352E+00 -0.43027E+00 -0.43027E+00 -0.35655E+00 -0.35655E+00 -0.31684E+00 -0.31684E+00 -0.26752E+00 -0.26752E+00 -0.24821E+00 -0.24821E+00 -0.19993E+00 -0.19993E+00 -0.51176E-01 -0.51176E-01 -0.39753E-01 -0.39753E-01 -0.11529E-01 -0.11529E-01  0.64183E+00  0.64183E+00
  0.13405E+01 -0.10032E+01 -0.10032E+01 -0.85154E+00 -0.85154E+00 -0.78357E+00 -0.78357E+00 -0.43018E+00 -0.43018E+00 -0.35661E+00 -0.35661E+00 -0.31673E+00 -0.31673E+00 -0.26673E+00 -0.26673E+00 -0.24951E+00 -0.24951E+00 -0.19975E+00 -0.19975E+00 -0.51186E-01 -0.51186E-01 -0.39528E-01 -0.39528E-01 -0.11489E-01 -0.11489E-01  0.64193E+00  0.64193E+00
  0.13581E+01 -0.10032E+01 -0.10032E+01 -0.85152E+00 -0.85152E+00 -0.78360E+00 -0.78360E+00 -0.43012E+00 -0.43012E+00 -0.35665E+00 -0.35665E+00 -0.31666E+00 -0.31666E+00 -0.26618E+00 -0.26618E+00 -0.25037E+00 -0.25037E+00 -0.19965E+00 -0.19965E+00 -0.51191E-01 -0.51191E-01 -0.39391E-01 -0.39391E-01 -0.11465E-01 -0.11465E-01  0.64200E+00  0.64200E+00
  0.13757E+01 -0.10032E+01 -0.10032E+01 -0.85151E+00 -0.85151E+00 -0.78361E+00 -0.78361E+00 -0.43010E+00 -0.43010E+00 -0.35666E+00 -0.35666E+00 -0.31663E+00 -0.31663E+00 -0.26598E+00 -0.26598E+00 -0.25067E+00 -0.25067E+00 -0.19961E+00 -0.19961E+00 -0.51193E-01 -0.51193E-01 -0.39344E-01 -0.39344E-01 -0.11457E-01 -0.11457E-01  0.64202E+00  0.64202E+00
  0.13932E+01 -0.10032E+01 -0.10032E+01 -0.85156E+00 -0.85148E+00 -0.78361E+00 -0.78359E+00 -0.43016E+00 -0.43008E+00 -0.35665E+00 -0.35664E+00 -0.31670E+00 -0.31662E+00 -0.26641E+00 -0.26598E+00 -0.25070E+00 -0.24999E+00 -0.19968E+00 -0.19962E+00 -0.51206E-01 -0.51177E-01 -0.39449E-01 -0.39340E-01 -0.11523E-01 -0.11409E-01  0.64195E+00  0.64204E+00
  0.14116E+01 -0.10033E+01 -0.10032E+01 -0.85170E+00 -0.85138E+00 -0.78360E+00 -0.78353E+00 -0.43036E+00 -0.43001E+00 -0.35663E+00 -0.35658E+00 -0.31688E+00 -0.31659E+00 -0.26749E+00 -0.26595E+00 -0.25080E+00 -0.24817E+00 -0.19990E+00 -0.19963E+00 -0.51243E-01 -0.51127E-01 -0.39757E-01 -0.39328E-01 -0.11720E-01 -0.11265E-01  0.64176E+00  0.64209E+00
  0.14300E+01 -0.10033E+01 -0.10031E+01 -0.85193E+00 -0.85121E+00 -0.78359E+00 -0.78344E+00 -0.43067E+00 -0.42989E+00 -0.35659E+00 -0.35649E+00 -0.31717E+00 -0.31654E+00 -0.26885E+00 -0.26592E+00 -0.25095E+00 -0.24560E+00 -0.20026E+00 -0.19966E+00 -0.51302E-01 -0.51047E-01 -0.40246E-01 -0.39306E-01 -0.12044E-01 -0.11030E-01  0.64145E+00  0.64216E+00
  0.14483E+01 -0.10034E+01 -0.10030E+01 -0.85225E+00 -0.85098E+00 -0.78357E+00 -0.78331E+00 -0.43109E+00 -0.42973E+00 -0.35654E+00 -0.35637E+00 -0.31755E+00 -0.31645E+00 -0.27024E+00 -0.26586E+00 -0.25115E+00 -0.24259E+00 -0.20079E+00 -0.19970E+00 -0.51383E-01 -0.50938E-01 -0.40877E-01 -0.39273E-01 -0.12491E-01 -0.10708E-01  0.64104E+00  0.64222E+00
  0.14667E+01 -0.10035E+01 -0.10029E+01 -0.85264E+00 -0.85069E+00 -0.78354E+00 -0.78317E+00 -0.43160E+00 -0.42953E+00 -0.35648E+00 -0.35622E+00 -0.31800E+00 -0.31635E+00 -0.27152E+00 -0.26580E+00 -0.25139E+00 -0.23936E+00 -0.20149E+00 -0.19975E+00 -0.51481E-01 -0.50806E-01 -0.41601E-01 -0.39225E-01 -0.13053E-01 -0.10308E-01  0.64055E+00  0.64227E+00
  0.14851E+01 -0.10036E+01 -0.10028E+01 -0.85310E+00 -0.85034E+00 -0.78352E+00 -0.78302E+00 -0.43218E+00 -0.42927E+00 -0.35641E+00 -0.35605E+00 -0.31848E+00 -0.31621E+00 -0.27263E+00 -0.26572E+00 -0.25166E+00 -0.23607E+00 -0.20235E+00 -0.19981E+00 -0.51594E-01 -0.50666E-01 -0.42353E-01 -0.39159E-01 -0.13724E-01 -0.98391E-02  0.63998E+00  0.64227E+00
  0.15034E+01 -0.10038E+01 -0.10026E+01 -0.85361E+00 -0.84994E+00 -0.78348E+00 -0.78286E+00 -0.43282E+00 -0.42897E+00 -0.35632E+00 -0.35588E+00 -0.31898E+00 -0.31604E+00 -0.27353E+00 -0.26564E+00 -0.25193E+00 -0.23282E+00 -0.20339E+00 -0.19988E+00 -0.51718E-01 -0.50538E-01 -0.43055E-01 -0.39071E-01 -0.14491E-01 -0.93114E-02  0.63937E+00  0.64219E+00
  0.15218E+01 -0.10040E+01 -0.10025E+01 -0.85417E+00 -0.84950E+00 -0.78345E+00 -0.78271E+00 -0.43349E+00 -0.42862E+00 -0.35623E+00 -0.35570E+00 -0.31947E+00 -0.31583E+00 -0.27423E+00 -0.26554E+00 -0.25221E+00 -0.22977E+00 -0.20457E+00 -0.19995E+00 -0.51849E-01 -0.50458E-01 -0.43616E-01 -0.38959E-01 -0.15346E-01 -0.87361E-02  0.63872E+00  0.64201E+00
  0.15402E+01 -0.10041E+01 -0.10023E+01 -0.85475E+00 -0.84901E+00 -0.78341E+00 -0.78259E+00 -0.43418E+00 -0.42823E+00 -0.35614E+00 -0.35553E+00 -0.31992E+00 -0.31559E+00 -0.27473E+00 -0.26544E+00 -0.25246E+00 -0.22706E+00 -0.20582E+00 -0.20002E+00 -0.51984E-01 -0.50469E-01 -0.43943E-01 -0.38817E-01 -0.16276E-01 -0.81250E-02  0.63805E+00  0.64172E+00
  0.15586E+01 -0.10043E+01 -0.10021E+01 -0.85535E+00 -0.84849E+00 -0.78337E+00 -0.78248E+00 -0.43486E+00 -0.42779E+00 -0.35603E+00 -0.35538E+00 -0.32032E+00 -0.31530E+00 -0.27503E+00 -0.26533E+00 -0.25269E+00 -0.22489E+00 -0.20699E+00 -0.20010E+00 -0.52118E-01 -0.50600E-01 -0.43966E-01 -0.38643E-01 -0.17269E-01 -0.74902E-02  0.63738E+00  0.64130E+00
  0.15769E+01 -0.10045E+01 -0.10019E+01 -0.85595E+00 -0.84795E+00 -0.78333E+00 -0.78241E+00 -0.43552E+00 -0.42731E+00 -0.35593E+00 -0.35525E+00 -0.32065E+00 -0.31496E+00 -0.27516E+00 -0.26522E+00 -0.25289E+00 -0.22358E+00 -0.20785E+00 -0.20018E+00 -0.52249E-01 -0.50844E-01 -0.43667E-01 -0.38432E-01 -0.18314E-01 -0.68434E-02  0.63672E+00  0.64076E+00
  0.15953E+01 -0.10047E+01 -0.10017E+01 -0.85655E+00 -0.84738E+00 -0.78329E+00 -0.78237E+00 -0.43615E+00 -0.42681E+00 -0.35583E+00 -0.35514E+00 -0.32092E+00 -0.31458E+00 -0.27510E+00 -0.26510E+00 -0.25304E+00 -0.22342E+00 -0.20809E+00 -0.20025E+00 -0.52375E-01 -0.51157E-01 -0.43077E-01 -0.38183E-01 -0.19396E-01 -0.61966E-02  0.63609E+00  0.64010E+00
  0.16137E+01 -0.10049E+01 -0.10015E+01 -0.85713E+00 -0.84682E+00 -0.78325E+00 -0.78236E+00 -0.43674E+00 -0.42627E+00 -0.35573E+00 -0.35506E+00 -0.32111E+00 -0.31415E+00 -0.27487E+00 -0.26499E+00 -0.25315E+00 -0.22449E+00 -0.20765E+00 -0.20033E+00 -0.52493E-01 -0.51492E-01 -0.42251E-01 -0.37891E-01 -0.20504E-01 -0.55613E-02  0.63551E+00  0.63934E+00
  0.16320E+01 -0.10050E+01 -0.10013E+01 -0.85769E+00 -0.84626E+00 -0.78322E+00 -0.78239E+00 -0.43727E+00 -0.42573E+00 -0.35563E+00 -0.35501E+00 -0.32124E+00 -0.31367E+00 -0.27446E+00 -0.26488E+00 -0.25321E+00 -0.22654E+00 -0.20674E+00 -0.20040E+00 -0.52602E-01 -0.51814E-01 -0.41248E-01 -0.37556E-01 -0.21626E-01 -0.49484E-02  0.63497E+00  0.63851E+00
  0.16504E+01 -0.10052E+01 -0.10012E+01 -0.85821E+00 -0.84571E+00 -0.78318E+00 -0.78244E+00 -0.43776E+00 -0.42518E+00 -0.35553E+00 -0.35498E+00 -0.32132E+00 -0.31316E+00 -0.27386E+00 -0.26478E+00 -0.25323E+00 -0.22926E+00 -0.20564E+00 -0.20046E+00 -0.52700E-01 -0.52102E-01 -0.40127E-01 -0.37175E-01 -0.22749E-01 -0.43686E-02  0.63450E+00  0.63764E+00
  0.16688E+01 -0.10054E+01 -0.10010E+01 -0.85868E+00 -0.84519E+00 -0.78315E+00 -0.78252E+00 -0.43818E+00 -0.42465E+00 -0.35545E+00 -0.35498E+00 -0.32134E+00 -0.31262E+00 -0.27306E+00 -0.26468E+00 -0.25322E+00 -0.23239E+00 -0.20454E+00 -0.20053E+00 -0.52786E-01 -0.52349E-01 -0.38946E-01 -0.36749E-01 -0.23861E-01 -0.38316E-02  0.63411E+00  0.63676E+00
  0.16871E+01 -0.10055E+01 -0.10008E+01 -0.85911E+00 -0.84471E+00 -0.78311E+00 -0.78261E+00 -0.43854E+00 -0.42414E+00 -0.35537E+00 -0.35500E+00 -0.32134E+00 -0.31208E+00 -0.27205E+00 -0.26459E+00 -0.25318E+00 -0.23574E+00 -0.20353E+00 -0.20058E+00 -0.52861E-01 -0.52554E-01 -0.37764E-01 -0.36279E-01 -0.24949E-01 -0.33464E-02  0.63379E+00  0.63591E+00
  0.17055E+01 -0.10057E+01 -0.10007E+01 -0.85948E+00 -0.84428E+00 -0.78309E+00 -0.78271E+00 -0.43885E+00 -0.42367E+00 -0.35530E+00 -0.35502E+00 -0.32131E+00 -0.31155E+00 -0.27083E+00 -0.26452E+00 -0.25314E+00 -0.23917E+00 -0.20267E+00 -0.20063E+00 -0.52924E-01 -0.52720E-01 -0.36640E-01 -0.35770E-01 -0.25997E-01 -0.29212E-02  0.63354E+00  0.63512E+00
  0.17239E+01 -0.10058E+01 -0.10006E+01 -0.85979E+00 -0.84391E+00 -0.78306E+00 -0.78281E+00 -0.43910E+00 -0.42327E+00 -0.35525E+00 -0.35506E+00 -0.32127E+00 -0.31107E+00 -0.26942E+00 -0.26445E+00 -0.25312E+00 -0.24254E+00 -0.20196E+00 -0.20067E+00 -0.52975E-01 -0.52849E-01 -0.35631E-01 -0.35232E-01 -0.26988E-01 -0.25631E-02  0.63335E+00  0.63443E+00
  0.17422E+01 -0.10059E+01 -0.10005E+01 -0.86004E+00 -0.84361E+00 -0.78305E+00 -0.78290E+00 -0.43929E+00 -0.42293E+00 -0.35520E+00 -0.35509E+00 -0.32123E+00 -0.31066E+00 -0.26785E+00 -0.26440E+00 -0.25315E+00 -0.24568E+00 -0.20142E+00 -0.20070E+00 -0.53015E-01 -0.52946E-01 -0.34786E-01 -0.34686E-01 -0.27894E-01 -0.22781E-02  0.63322E+00  0.63386E+00
  0.17606E+01 -0.10059E+01 -0.10004E+01 -0.86021E+00 -0.84340E+00 -0.78303E+00 -0.78296E+00 -0.43942E+00 -0.42269E+00 -0.35517E+00 -0.35512E+00 -0.32119E+00 -0.31034E+00 -0.26624E+00 -0.26436E+00 -0.25331E+00 -0.24832E+00 -0.20104E+00 -0.20072E+00 -0.53043E-01 -0.53013E-01 -0.34174E-01 -0.34150E-01 -0.28668E-01 -0.20711E-02  0.63314E+00  0.63343E+00
  0.17790E+01 -0.10060E+01 -0.10004E+01 -0.86032E+00 -0.84326E+00 -0.78302E+00 -0.78301E+00 -0.43950E+00 -0.42253E+00 -0.35515E+00 -0.35513E+00 -0.32117E+00 -0.31014E+00 -0.26490E+00 -0.26434E+00 -0.25369E+00 -0.25003E+00 -0.20081E+00 -0.20073E+00 -0.53059E-01 -0.53052E-01 -0.33778E-01 -0.33755E-01 -0.29222E-01 -0.19454E-02  0.63310E+00  0.63317E+00
  0.17973E+01 -0.10060E+01 -0.10004E+01 -0.86036E+00 -0.84322E+00 -0.78302E+00 -0.78302E+00 -0.43953E+00 -0.42248E+00 -0.35514E+00 -0.35514E+00 -0.32116E+00 -0.31008E+00 -0.26433E+00 -0.26433E+00 -0.25396E+00 -0.25057E+00 -0.20074E+00 -0.20074E+00 -0.53065E-01 -0.53065E-01 -0.33621E-01 -0.33621E-01 -0.29432E-01 -0.19033E-02  0.63308E+00  0.63308E+00
  0.18157E+01 -0.10060E+01 -0.10004E+01 -0.86025E+00 -0.84316E+00 -0.78303E+00 -0.78303E+00 -0.43969E+00 -0.42249E+00 -0.35503E+00 -0.35503E+00 -0.32235E+00 -0.31014E+00 -0.26439E+00 -0.26439E+00 -0.25401E+00 -0.24901E+00 -0.20069E+00 -0.20069E+00 -0.53268E-01 -0.53268E-01 -0.33564E-01 -0.33564E-01 -0.29446E-01 -0.18907E-02  0.63306E+00  0.63306E+00
  0.18335E+01 -0.10061E+01 -0.10005E+01 -0.85995E+00 -0.84301E+00 -0.78306E+00 -0.78306E+00 -0.44016E+00 -0.42253E+00 -0.35471E+00 -0.35471E+00 -0.32545E+00 -0.31066E+00 -0.26458E+00 -0.26458E+00 -0.25317E+00 -0.24547E+00 -0.20055E+00 -0.20055E+00 -0.53868E-01 -0.53868E-01 -0.33399E-01 -0.33399E-01 -0.29486E-01 -0.18533E-02  0.63298E+00  0.63298E+00
  0.18512E+01 -0.10063E+01 -0.10006E+01 -0.85945E+00 -0.84276E+00 -0.78310E+00 -0.78310E+00 -0.44092E+00 -0.42261E+00 -0.35419E+00 -0.35419E+00 -0.32972E+00 -0.31195E+00 -0.26487E+00 -0.26487E+00 -0.25096E+00 -0.24086E+00 -0.20033E+00 -0.20033E+00 -0.54834E-01 -0.54834E-01 -0.33144E-01 -0.33144E-01 -0.29553E-01 -0.17922E-02  0.63285E+00  0.63285E+00
  0.18689E+01 -0.10066E+01 -0.10007E+01 -0.85877E+00 -0.84243E+00 -0.78316E+00 -0.78316E+00 -0.44196E+00 -0.42273E+00 -0.35347E+00 -0.35347E+00 -0.33464E+00 -0.31400E+00 -0.26527E+00 -0.26527E+00 -0.24756E+00 -0.23558E+00 -0.20005E+00 -0.20005E+00 -0.56126E-01 -0.56126E-01 -0.32821E-01 -0.32821E-01 -0.29643E-01 -0.17093E-02  0.63266E+00  0.63266E+00
  0.18867E+01 -0.10069E+01 -0.10009E+01 -0.85791E+00 -0.84202E+00 -0.78323E+00 -0.78323E+00 -0.44325E+00 -0.42291E+00 -0.35256E+00 -0.35256E+00 -0.33987E+00 -0.31656E+00 -0.26575E+00 -0.26575E+00 -0.24330E+00 -0.22988E+00 -0.19972E+00 -0.19972E+00 -0.57694E-01 -0.57694E-01 -0.32452E-01 -0.32452E-01 -0.29754E-01 -0.16069E-02  0.63242E+00  0.63242E+00
  0.19044E+01 -0.10072E+01 -0.10012E+01 -0.85690E+00 -0.84154E+00 -0.78331E+00 -0.78331E+00 -0.44473E+00 -0.42317E+00 -0.35149E+00 -0.35149E+00 -0.34520E+00 -0.31940E+00 -0.26629E+00 -0.26629E+00 -0.23849E+00 -0.22395E+00 -0.19936E+00 -0.19936E+00 -0.59487E-01 -0.59487E-01 -0.32056E-01 -0.32056E-01 -0.29884E-01 -0.14881E-02  0.63211E+00  0.63211E+00
  0.19222E+01 -0.10076E+01 -0.10014E+01 -0.85575E+00 -0.84102E+00 -0.78341E+00 -0.78341E+00 -0.44639E+00 -0.42351E+00 -0.35048E+00 -0.35028E+00 -0.35028E+00 -0.32233E+00 -0.26688E+00 -0.26688E+00 -0.23339E+00 -0.21794E+00 -0.19900E+00 -0.19900E+00 -0.61454E-01 -0.61454E-01 -0.31647E-01 -0.31647E-01 -0.30028E-01 -0.13561E-02  0.63175E+00  0.63175E+00
  0.19399E+01 -0.10080E+01 -0.10017E+01 -0.85449E+00 -0.84048E+00 -0.78351E+00 -0.78351E+00 -0.44818E+00 -0.42393E+00 -0.35559E+00 -0.34895E+00 -0.34895E+00 -0.32520E+00 -0.26750E+00 -0.26750E+00 -0.22818E+00 -0.21195E+00 -0.19866E+00 -0.19866E+00 -0.63541E-01 -0.63541E-01 -0.31238E-01 -0.31238E-01 -0.30182E-01 -0.12147E-02  0.63030E+00  0.63134E+00
  0.19577E+01 -0.10085E+01 -0.10019E+01 -0.85314E+00 -0.83993E+00 -0.78361E+00 -0.78361E+00 -0.45004E+00 -0.42445E+00 -0.36044E+00 -0.34753E+00 -0.34753E+00 -0.32794E+00 -0.26811E+00 -0.26811E+00 -0.22300E+00 -0.20609E+00 -0.19835E+00 -0.19835E+00 -0.65695E-01 -0.65695E-01 -0.30835E-01 -0.30835E-01 -0.30343E-01 -0.10674E-02  0.62475E+00  0.63087E+00
  0.19754E+01 -0.10089E+01 -0.10022E+01 -0.85173E+00 -0.83939E+00 -0.78372E+00 -0.78372E+00 -0.45194E+00 -0.42507E+00 -0.36496E+00 -0.34605E+00 -0.34605E+00 -0.33048E+00 -0.26872E+00 -0.26872E+00 -0.21797E+00 -0.20046E+00 -0.19809E+00 -0.19809E+00 -0.67865E-01 -0.67865E-01 -0.30506E-01 -0.30445E-01 -0.30445E-01 -0.91802E-03  0.61949E+00  0.63037E+00
  0.19932E+01 -0.10093E+01 -0.10025E+01 -0.85027E+00 -0.83890E+00 -0.78383E+00 -0.78383E+00 -0.45384E+00 -0.42577E+00 -0.36910E+00 -0.34455E+00 -0.34455E+00 -0.33279E+00 -0.26930E+00 -0.26930E+00 -0.21318E+00 -0.19790E+00 -0.19790E+00 -0.19512E+00 -0.70000E-01 -0.70000E-01 -0.30668E-01 -0.30073E-01 -0.30073E-01 -0.77031E-03  0.61459E+00  0.62985E+00
  0.20109E+01 -0.10097E+01 -0.10028E+01 -0.84881E+00 -0.83846E+00 -0.78394E+00 -0.78394E+00 -0.45567E+00 -0.42654E+00 -0.37281E+00 -0.34307E+00 -0.34307E+00 -0.33485E+00 -0.26983E+00 -0.26983E+00 -0.20870E+00 -0.19778E+00 -0.19778E+00 -0.19014E+00 -0.72050E-01 -0.72050E-01 -0.30824E-01 -0.29725E-01 -0.29725E-01 -0.62777E-03  0.61007E+00  0.62931E+00
  0.20287E+01 -0.10101E+01 -0.10031E+01 -0.84736E+00 -0.83809E+00 -0.78404E+00 -0.78404E+00 -0.45741E+00 -0.42735E+00 -0.37607E+00 -0.34164E+00 -0.34164E+00 -0.33666E+00 -0.27031E+00 -0.27031E+00 -0.20461E+00 -0.19772E+00 -0.19772E+00 -0.18560E+00 -0.73970E-01 -0.73970E-01 -0.30971E-01 -0.29405E-01 -0.29405E-01 -0.49369E-03  0.60598E+00  0.62879E+00
  0.20464E+01 -0.10105E+01 -0.10033E+01 -0.84595E+00 -0.83783E+00 -0.78414E+00 -0.78414E+00 -0.45900E+00 -0.42819E+00 -0.37887E+00 -0.34031E+00 -0.34031E+00 -0.33821E+00 -0.27073E+00 -0.27073E+00 -0.20094E+00 -0.19772E+00 -0.19772E+00 -0.18154E+00 -0.75719E-01 -0.75719E-01 -0.31106E-01 -0.29116E-01 -0.29116E-01 -0.37110E-03  0.60235E+00  0.62828E+00
  0.20642E+01 -0.10108E+01 -0.10035E+01 -0.84461E+00 -0.83767E+00 -0.78422E+00 -0.78422E+00 -0.46042E+00 -0.42900E+00 -0.38120E+00 -0.33951E+00 -0.33910E+00 -0.33910E+00 -0.27108E+00 -0.27108E+00 -0.19777E+00 -0.19777E+00 -0.19776E+00 -0.17802E+00 -0.77259E-01 -0.77259E-01 -0.31225E-01 -0.28863E-01 -0.28863E-01 -0.26267E-03  0.59921E+00  0.62782E+00
  0.20819E+01 -0.10111E+01 -0.10037E+01 -0.84336E+00 -0.83764E+00 -0.78429E+00 -0.78429E+00 -0.46163E+00 -0.42974E+00 -0.38308E+00 -0.34057E+00 -0.33806E+00 -0.33806E+00 -0.27136E+00 -0.27136E+00 -0.19785E+00 -0.19785E+00 -0.19510E+00 -0.17508E+00 -0.78561E-01 -0.78561E-01 -0.31326E-01 -0.28651E-01 -0.28651E-01 -0.17072E-03  0.59660E+00  0.62742E+00
  0.20996E+01 -0.10113E+01 -0.10038E+01 -0.84224E+00 -0.83773E+00 -0.78435E+00 -0.78435E+00 -0.46259E+00 -0.43038E+00 -0.38451E+00 -0.34138E+00 -0.33721E+00 -0.33721E+00 -0.27158E+00 -0.27158E+00 -0.19793E+00 -0.19793E+00 -0.19300E+00 -0.17275E+00 -0.79598E-01 -0.79598E-01 -0.31407E-01 -0.28482E-01 -0.28482E-01 -0.97177E-04  0.59455E+00  0.62709E+00
  0.21174E+01 -0.10114E+01 -0.10039E+01 -0.84129E+00 -0.83793E+00 -0.78439E+00 -0.78439E+00 -0.46330E+00 -0.43086E+00 -0.38552E+00 -0.34196E+00 -0.33659E+00 -0.33659E+00 -0.27173E+00 -0.27173E+00 -0.19801E+00 -0.19801E+00 -0.19148E+00 -0.17106E+00 -0.80353E-01 -0.80353E-01 -0.31466E-01 -0.28358E-01 -0.28358E-01 -0.43555E-04  0.59306E+00  0.62685E+00
  0.21351E+01 -0.10115E+01 -0.10040E+01 -0.84057E+00 -0.83819E+00 -0.78442E+00 -0.78442E+00 -0.46373E+00 -0.43117E+00 -0.38612E+00 -0.34230E+00 -0.33621E+00 -0.33621E+00 -0.27182E+00 -0.27182E+00 -0.19807E+00 -0.19807E+00 -0.19056E+00 -0.17005E+00 -0.80811E-01 -0.80811E-01 -0.31502E-01 -0.28284E-01 -0.28284E-01 -0.10944E-04  0.59216E+00  0.62670E+00
  0.21529E+01 -0.10116E+01 -0.10040E+01 -0.84027E+00 -0.83833E+00 -0.78442E+00 -0.78442E+00 -0.46388E+00 -0.43127E+00 -0.38632E+00 -0.34242E+00 -0.33608E+00 -0.33608E+00 -0.27185E+00 -0.27185E+00 -0.19808E+00 -0.19808E+00 -0.19025E+00 -0.16971E+00 -0.80964E-01 -0.80964E-01 -0.31514E-01 -0.28259E-01 -0.28259E-01  0.00000E+00  0.59186E+00  0.62665E+00
# EFERMI (HARTREE)   -0.38439
