# NEPTS   102 NPROJ     6 NSPIN     1
#
@ XAXIS LABEL "E-EFERMI (HARTREE)"
@ YAXIS LABEL "DENSITY OF STATES (STATES/HARTREE/CELL)"
 -1.0349E+00  0.0000E+00  0.0000E+00  0.0000E+00  0.0000E+00  0.0000E+00  0.0000E+00
 -1.0116E+00  1.0780E+01  4.1407E+01  5.3708E+00  2.8696E-01  3.1150E-01  1.2825E+02
 -9.8817E-01  1.0780E+01  4.1407E+01  5.3708E+00  2.8696E-01  3.1150E-01  1.2825E+02
 -9.6477E-01  0.0000E+00  0.0000E+00  0.0000E+00  0.0000E+00  0.0000E+00  0.0000E+00
 -9.4138E-01  0.0000E+00  0.0000E+00  0.0000E+00  0.0000E+00  0.0000E+00  0.0000E+00
 -9.1799E-01  0.0000E+00  0.0000E+00  0.0000E+00  0.0000E+00  0.0000E+00  0.0000E+00
 -8.9460E-01  0.0000E+00  0.0000E+00  0.0000E+00  0.0000E+00  0.0000E+00  0.0000E+00
 -8.7121E-01  0.0000E+00  0.0000E+00  0.0000E+00  0.0000E+00  0.0000E+00  0.0000E+00
 -8.4782E-01  1.2980E+01  2.4444E+01  3.4892E+01  3.0148E+00  1.9151E+00  2.3414E+02
 -8.2443E-01  3.1494E+00  6.1176E+00  8.3852E+00  5.9032E-01  4.5208E-01  5.6245E+01
 -8.0103E-01  3.9895E+00  5.8697E-01  2.5003E+01  2.2182E+00  2.5536E+00  1.2825E+02
 -7.7764E-01  3.9895E+00  5.8697E-01  2.5003E+01  2.2182E+00  2.5536E+00  1.2825E+02
 -7.5425E-01  0.0000E+00  0.0000E+00  0.0000E+00  0.0000E+00  0.0000E+00  0.0000E+00
 -7.3086E-01  0.0000E+00  0.0000E+00  0.0000E+00  0.0000E+00  0.0000E+00  0.0000E+00
 -7.0747E-01  0.0000E+00  0.0000E+00  0.0000E+00  0.0000E+00  0.0000E+00  0.0000E+00
 -6.8408E-01  0.0000E+00  0.0000E+00  0.0000E+00  0.0000E+00  0.0000E+00  0.0000E+00
 -6.6069E-01  0.0000E+00  0.0000E+00  0.0000E+00  0.0000E+00  0.0000E+00  0.0000E+00
 -6.3730E-01  0.0000E+00  0.0000E+00  0.0000E+00  0.0000E+00  0.0000E+00  0.0000E+00
 -6.1390E-01  0.0000E+00  0.0000E+00  0.0000E+00  0.0000E+00  0.0000E+00  0.0000E+00
 -5.9051E-01  0.0000E+00  0.0000E+00  0.0000E+00  0.0000E+00  0.0000E+00  0.0000E+00
 -5.6712E-01  0.0000E+00  0.0000E+00  0.0000E+00  0.0000E+00  0.0000E+00  0.0000E+00
 -5.4373E-01  0.0000E+00  0.0000E+00  0.0000E+00  0.0000E+00  0.0000E+00  0.0000E+00
 -5.2034E-01  0.0000E+00  0.0000E+00  0.0000E+00  0.0000E+00  0.0000E+00  0.0000E+00
 -4.9695E-01  0.0000E+00  0.0000E+00  0.0000E+00  0.0000E+00  0.0000E+00  0.0000E+00
 -4.7356E-01  0.0000E+00  0.0000E+00  0.0000E+00  0.0000E+00  0.0000E+00  0.0000E+00
 -4.5016E-01  1.2348E+01  8.8604E+00  1.4929E+01  3.1005E+00  3.5839E+00  1.2887E+02
 -4.2677E-01  6.1404E+00  3.5707E+00  8.0211E+00  1.1630E+00  2.0906E+00  6.4521E+01
 -4.0338E-01  0.0000E+00  0.0000E+00  0.0000E+00  0.0000E+00  0.0000E+00  0.0000E+00
 -3.7999E-01 -1.2925E+00  2.9956E-01 -7.0322E-01 -7.4010E-01  7.7072E-01 -4.6762E+00
 -3.5660E-01  3.0534E+01  2.6626E+01  5.1447E+01  1.8500E+01  5.1342E+00  4.1464E+02
 -3.3321E-01  1.9335E+01  1.5790E+01  3.2434E+01  1.1538E+01  2.8812E+00  2.5766E+02
 -3.0982E-01  0.0000E+00  0.0000E+00  0.0000E+00  0.0000E+00  0.0000E+00  0.0000E+00
 -2.8642E-01  3.1151E+00  4.6185E+00  4.9316E+00  5.8608E-01  2.5743E+00  4.7835E+01
 -2.6303E-01  1.4621E+01  1.9795E+01  2.7194E+01  3.2615E+00  1.3170E+01  2.4333E+02
 -2.3964E-01  4.7172E+00  6.9789E+00  1.0062E+01  1.4034E+00  4.4566E+00  8.7078E+01
 -2.1625E-01  3.8317E+01  4.6180E+01  2.9704E+01  2.6850E+00  3.1727E+00  3.1124E+02
 -1.9286E-01  2.0104E+01  1.9415E+01  1.6326E+01  1.1423E+00  1.5554E+00  1.5514E+02
 -1.6947E-01  0.0000E+00  0.0000E+00  0.0000E+00  0.0000E+00  0.0000E+00  0.0000E+00
 -1.4608E-01  0.0000E+00  0.0000E+00  0.0000E+00  0.0000E+00  0.0000E+00  0.0000E+00
 -1.2268E-01  0.0000E+00  0.0000E+00  0.0000E+00  0.0000E+00  0.0000E+00  0.0000E+00
 -9.9293E-02  0.0000E+00  0.0000E+00  0.0000E+00  0.0000E+00  0.0000E+00  0.0000E+00
 -7.5902E-02  6.1234E+00  1.2002E+02  9.4290E+00  2.9995E+00  6.6361E-01  3.0466E+02
 -5.2511E-02  5.7898E+00  1.3184E+02  3.3106E+01  1.4152E+00  1.3613E+00  4.1878E+02
 -2.9119E-02  3.5093E+00  7.0397E+01  5.3050E+01  5.6151E-01  1.0986E+00  3.6666E+02
 -5.7279E-03  7.7374E-01  3.0710E+00  2.6902E+01  1.2514E-01  1.4068E-01  1.1636E+02
  1.7663E-02  0.0000E+00  0.0000E+00  0.0000E+00  0.0000E+00  0.0000E+00  0.0000E+00
  4.1055E-02  0.0000E+00  0.0000E+00  0.0000E+00  0.0000E+00  0.0000E+00  0.0000E+00
  6.4446E-02  0.0000E+00  0.0000E+00  0.0000E+00  0.0000E+00  0.0000E+00  0.0000E+00
  8.7838E-02  0.0000E+00  0.0000E+00  0.0000E+00  0.0000E+00  0.0000E+00  0.0000E+00
  1.1123E-01  0.0000E+00  0.0000E+00  0.0000E+00  0.0000E+00  0.0000E+00  0.0000E+00
  1.3462E-01  0.0000E+00  0.0000E+00  0.0000E+00  0.0000E+00  0.0000E+00  0.0000E+00
  1.5801E-01  0.0000E+00  0.0000E+00  0.0000E+00  0.0000E+00  0.0000E+00  0.0000E+00
  1.8140E-01  0.0000E+00  0.0000E+00  0.0000E+00  0.0000E+00  0.0000E+00  0.0000E+00
  2.0479E-01  0.0000E+00  0.0000E+00  0.0000E+00  0.0000E+00  0.0000E+00  0.0000E+00
  2.2819E-01  0.0000E+00  0.0000E+00  0.0000E+00  0.0000E+00  0.0000E+00  0.0000E+00
  2.5158E-01  0.0000E+00  0.0000E+00  0.0000E+00  0.0000E+00  0.0000E+00  0.0000E+00
  2.7497E-01  0.0000E+00  0.0000E+00  0.0000E+00  0.0000E+00  0.0000E+00  0.0000E+00
  2.9836E-01  0.0000E+00  0.0000E+00  0.0000E+00  0.0000E+00  0.0000E+00  0.0000E+00
  3.2175E-01  0.0000E+00  0.0000E+00  0.0000E+00  0.0000E+00  0.0000E+00  0.0000E+00
  3.4514E-01  0.0000E+00  0.0000E+00  0.0000E+00  0.0000E+00  0.0000E+00  0.0000E+00
  3.6853E-01  0.0000E+00  0.0000E+00  0.0000E+00  0.0000E+00  0.0000E+00  0.0000E+00
  3.9193E-01  0.0000E+00  0.0000E+00  0.0000E+00  0.0000E+00  0.0000E+00  0.0000E+00
  4.1532E-01  0.0000E+00  0.0000E+00  0.0000E+00  0.0000E+00  0.0000E+00  0.0000E+00
  4.3871E-01  0.0000E+00  0.0000E+00  0.0000E+00  0.0000E+00  0.0000E+00  0.0000E+00
  4.6210E-01  0.0000E+00  0.0000E+00  0.0000E+00  0.0000E+00  0.0000E+00  0.0000E+00
  4.8549E-01  0.0000E+00  0.0000E+00  0.0000E+00  0.0000E+00  0.0000E+00  0.0000E+00
  5.0888E-01  0.0000E+00  0.0000E+00  0.0000E+00  0.0000E+00  0.0000E+00  0.0000E+00
  5.3227E-01  0.0000E+00  0.0000E+00  0.0000E+00  0.0000E+00  0.0000E+00  0.0000E+00
  5.5567E-01  0.0000E+00  0.0000E+00  0.0000E+00  0.0000E+00  0.0000E+00  0.0000E+00
  5.7906E-01  0.0000E+00  0.0000E+00  0.0000E+00  0.0000E+00  0.0000E+00  0.0000E+00
  6.0245E-01  4.0456E-01  3.4424E-02  5.7630E-02  5.4855E-01  8.0162E-01  6.5092E+00
  6.2584E-01  1.4472E+02  2.4444E+01  2.6071E+01  4.6869E+00  6.7540E+00  4.8838E+02
  6.4923E-01  4.5333E+01  8.0042E+00  8.2847E+00  1.8690E+00  2.1920E+00  1.5606E+02
  6.7262E-01  4.3373E+00  7.4302E-01  1.0037E+00  5.5253E+00  5.7867E+00  5.9424E+01
  6.9601E-01  5.5821E+00  9.0833E-01  1.4660E+00  7.6501E+00  7.3416E+00  7.8812E+01
  7.1940E-01  5.4419E+00  8.3706E-01  1.6608E+00  7.3283E+00  5.6810E+00  7.1238E+01
  7.4280E-01  1.4086E+01  3.2496E+00  5.7155E+00  3.6653E+01  9.0620E+00  2.4039E+02
  7.6619E-01  7.8646E+00  2.3778E+00  3.2767E+00  2.2239E+01  6.0435E+00  1.4672E+02
  7.8958E-01  1.2093E+01  3.2530E+00  4.6540E+00  1.2819E+01  1.9155E+01  1.7720E+02
  8.1297E-01  1.1120E+01  2.8203E+00  4.5701E+00  1.2513E+01  1.5611E+01  1.5866E+02
  8.3636E-01  2.8455E+00  9.0400E-01  1.2103E+00  2.7421E+00  5.4338E+00  4.5044E+01
  8.5975E-01  2.6276E+00  8.3151E-01  1.6193E+00  3.9088E+00  7.5469E+00  5.9218E+01
  8.8314E-01  5.5642E-01  5.4962E-01  6.7501E-01  1.1231E+00  3.0351E+00  2.1545E+01
  9.0654E-01  0.0000E+00  0.0000E+00  0.0000E+00  0.0000E+00  0.0000E+00  0.0000E+00
  9.2993E-01  5.0466E+01  1.5257E+00  7.7123E+00  2.2292E+00  2.4050E+00  1.5337E+02
  9.5332E-01  1.9436E+01  7.0958E-01  3.1900E+00  6.7496E-01  1.0622E+00  6.0000E+01
  9.7671E-01  0.0000E+00  0.0000E+00  0.0000E+00  0.0000E+00  0.0000E+00  0.0000E+00
  1.0001E+00 -2.8091E+00  1.6706E-02 -5.5155E-02 -2.3881E-01 -3.1397E-01 -8.0165E+00
  1.0235E+00  1.8918E+01  8.4281E-01 -5.5270E-02  1.9177E+00  2.5781E+00  5.7284E+01
  1.0469E+00  1.3978E+01  4.8619E-01 -2.6415E-01  1.5444E+00  2.2914E+00  4.3216E+01
  1.0703E+00  5.1362E+01  2.9821E+00  2.8205E+00  4.2157E+00  3.4974E+00  1.5082E+02
  1.0937E+00  3.3761E+01  2.0199E+00  2.0493E+00  2.6498E+00  1.6594E+00  9.6997E+01
  1.1171E+00  1.2798E+00 -9.2768E-02 -2.9468E-01  1.3985E-01  3.0590E-01  2.9783E+00
  1.1404E+00  0.0000E+00  0.0000E+00  0.0000E+00  0.0000E+00  0.0000E+00  0.0000E+00
  1.1638E+00  0.0000E+00  0.0000E+00  0.0000E+00  0.0000E+00  0.0000E+00  0.0000E+00
  1.1872E+00  0.0000E+00  0.0000E+00  0.0000E+00  0.0000E+00  0.0000E+00  0.0000E+00
  1.2106E+00  0.0000E+00  0.0000E+00  0.0000E+00  0.0000E+00  0.0000E+00  0.0000E+00
  1.2340E+00  0.0000E+00  0.0000E+00  0.0000E+00  0.0000E+00  0.0000E+00  0.0000E+00
  1.2574E+00  0.0000E+00  0.0000E+00  0.0000E+00  0.0000E+00  0.0000E+00  0.0000E+00
  1.2808E+00  1.1908E+02  1.8061E-01  5.1052E+00  4.4718E+00  4.1915E+00  2.9359E+02
  1.3042E+00  2.3372E+01  1.2586E-01  1.4241E-02  6.0704E-01  8.1838E-01  5.2755E+01
  1.3276E+00  0.0000E+00  0.0000E+00  0.0000E+00  0.0000E+00  0.0000E+00  0.0000E+00
# EFERMI (HARTREE)   -0.38439
