# NEPTS   202 NPROJ     2 NSPIN     1
#
@ XAXIS LABEL "E-EFERMI (HARTREE)"
@ YAXIS LABEL "DENSITY OF STATES (STATES/HARTREE/CELL)"
 -8.6345E-01  0.0000E+00  0.0000E+00
 -8.5168E-01  0.0000E+00  0.0000E+00
 -8.3991E-01 -1.0834E-01  1.2175E+01
 -8.2815E-01  1.4791E-02 -3.8683E+00
 -8.1638E-01 -2.3698E-01  3.7677E+01
 -8.0461E-01 -1.4195E-02  7.0972E+00
 -7.9285E-01 -2.5266E-01  7.2845E+01
 -7.8108E-01  0.0000E+00  0.0000E+00
 -7.6931E-01  0.0000E+00  0.0000E+00
 -7.5755E-01  0.0000E+00  0.0000E+00
 -7.4578E-01  0.0000E+00  0.0000E+00
 -7.3401E-01  0.0000E+00  0.0000E+00
 -7.2225E-01  0.0000E+00  0.0000E+00
 -7.1048E-01  0.0000E+00  0.0000E+00
 -6.9871E-01  0.0000E+00  0.0000E+00
 -6.8695E-01  0.0000E+00  0.0000E+00
 -6.7518E-01  0.0000E+00  0.0000E+00
 -6.6341E-01  0.0000E+00  0.0000E+00
 -6.5165E-01  0.0000E+00  0.0000E+00
 -6.3988E-01  0.0000E+00  0.0000E+00
 -6.2811E-01  0.0000E+00  0.0000E+00
 -6.1635E-01  0.0000E+00  0.0000E+00
 -6.0458E-01  0.0000E+00  0.0000E+00
 -5.9281E-01  0.0000E+00  0.0000E+00
 -5.8105E-01  0.0000E+00  0.0000E+00
 -5.6928E-01  0.0000E+00  0.0000E+00
 -5.5751E-01  0.0000E+00  0.0000E+00
 -5.4575E-01  0.0000E+00  0.0000E+00
 -5.3398E-01  0.0000E+00  0.0000E+00
 -5.2221E-01  0.0000E+00  0.0000E+00
 -5.1045E-01  0.0000E+00  0.0000E+00
 -4.9868E-01  0.0000E+00  0.0000E+00
 -4.8691E-01  0.0000E+00  0.0000E+00
 -4.7515E-01  0.0000E+00  0.0000E+00
 -4.6338E-01  0.0000E+00  0.0000E+00
 -4.5161E-01  0.0000E+00  0.0000E+00
 -4.3985E-01  0.0000E+00  0.0000E+00
 -4.2808E-01  0.0000E+00  0.0000E+00
 -4.1631E-01  0.0000E+00  0.0000E+00
 -4.0455E-01  0.0000E+00  0.0000E+00
 -3.9278E-01  0.0000E+00  0.0000E+00
 -3.8101E-01  0.0000E+00  0.0000E+00
 -3.6925E-01  0.0000E+00  0.0000E+00
 -3.5748E-01  0.0000E+00  0.0000E+00
 -3.4571E-01  0.0000E+00  0.0000E+00
 -3.3395E-01  0.0000E+00  0.0000E+00
 -3.2218E-01  0.0000E+00  0.0000E+00
 -3.1041E-01  0.0000E+00  0.0000E+00
 -2.9865E-01  0.0000E+00  0.0000E+00
 -2.8688E-01  0.0000E+00  0.0000E+00
 -2.7511E-01  0.0000E+00  0.0000E+00
 -2.6335E-01  0.0000E+00  0.0000E+00
 -2.5158E-01  0.0000E+00  0.0000E+00
 -2.3981E-01  0.0000E+00  0.0000E+00
 -2.2805E-01  0.0000E+00  0.0000E+00
 -2.1628E-01  0.0000E+00  0.0000E+00
 -2.0451E-01  0.0000E+00  0.0000E+00
 -1.9275E-01  1.3936E-02 -6.7346E-01
 -1.8098E-01 -6.3340E-01  2.1959E+01
 -1.6921E-01 -8.9180E-01  4.1128E+01
 -1.5745E-01 -7.5323E-01  3.8170E+01
 -1.4568E-01 -5.0839E-01  2.4467E+01
 -1.3391E-01 -4.1401E-01  2.3875E+01
 -1.2215E-01 -2.1022E-01  9.3550E+00
 -1.1038E-01 -1.9678E-01  1.9813E+01
 -9.8615E-02 -1.6925E-01  1.3617E+01
 -8.6848E-02 -3.1855E-01  2.3021E+01
 -7.5082E-02 -2.7678E-01  3.0066E+01
 -6.3315E-02 -3.2890E-01  4.3910E+01
 -5.1548E-02 -5.2139E-01  7.3781E+01
 -3.9782E-02 -2.3055E-01  5.2300E+01
 -2.8015E-02 -1.9658E-01  5.6119E+01
 -1.6248E-02 -9.2403E-02  2.2271E+01
 -4.4817E-03 -2.3140E-02  5.8034E+00
  7.2849E-03  0.0000E+00  0.0000E+00
  1.9052E-02  0.0000E+00  0.0000E+00
  3.0818E-02  0.0000E+00  0.0000E+00
  4.2585E-02  0.0000E+00  0.0000E+00
  5.4352E-02  0.0000E+00  0.0000E+00
  6.6118E-02  0.0000E+00  0.0000E+00
  7.7885E-02  0.0000E+00  0.0000E+00
  8.9651E-02  0.0000E+00  0.0000E+00
  1.0142E-01  0.0000E+00  0.0000E+00
  1.1318E-01  0.0000E+00  0.0000E+00
  1.2495E-01  0.0000E+00  0.0000E+00
  1.3672E-01  0.0000E+00  0.0000E+00
  1.4848E-01  0.0000E+00  0.0000E+00
  1.6025E-01  0.0000E+00  0.0000E+00
  1.7202E-01  0.0000E+00  0.0000E+00
  1.8378E-01  0.0000E+00  0.0000E+00
  1.9555E-01  0.0000E+00  0.0000E+00
  2.0732E-01  0.0000E+00  0.0000E+00
  2.1908E-01  0.0000E+00  0.0000E+00
  2.3085E-01  0.0000E+00  0.0000E+00
  2.4262E-01  0.0000E+00  0.0000E+00
  2.5438E-01  0.0000E+00  0.0000E+00
  2.6615E-01  0.0000E+00  0.0000E+00
  2.7792E-01  0.0000E+00  0.0000E+00
  2.8968E-01  0.0000E+00  0.0000E+00
  3.0145E-01  0.0000E+00  0.0000E+00
  3.1322E-01  0.0000E+00  0.0000E+00
  3.2498E-01  0.0000E+00  0.0000E+00
  3.3675E-01  0.0000E+00  0.0000E+00
  3.4852E-01  0.0000E+00  0.0000E+00
  3.6028E-01  0.0000E+00  0.0000E+00
  3.7205E-01  0.0000E+00  0.0000E+00
  3.8382E-01  0.0000E+00  0.0000E+00
  3.9558E-01  0.0000E+00  0.0000E+00
  4.0735E-01  0.0000E+00  0.0000E+00
  4.1912E-01  0.0000E+00  0.0000E+00
  4.3088E-01  0.0000E+00  0.0000E+00
  4.4265E-01  0.0000E+00  0.0000E+00
  4.5442E-01  0.0000E+00  0.0000E+00
  4.6618E-01  0.0000E+00  0.0000E+00
  4.7795E-01  0.0000E+00  0.0000E+00
  4.8972E-01  0.0000E+00  0.0000E+00
  5.0148E-01  0.0000E+00  0.0000E+00
  5.1325E-01  0.0000E+00  0.0000E+00
  5.2502E-01  0.0000E+00  0.0000E+00
  5.3678E-01  0.0000E+00  0.0000E+00
  5.4855E-01  0.0000E+00  0.0000E+00
  5.6032E-01  0.0000E+00  0.0000E+00
  5.7208E-01  0.0000E+00  0.0000E+00
  5.8385E-01  0.0000E+00  0.0000E+00
  5.9562E-01  0.0000E+00  0.0000E+00
  6.0738E-01  0.0000E+00  0.0000E+00
  6.1915E-01  0.0000E+00  0.0000E+00
  6.3092E-01  0.0000E+00  0.0000E+00
  6.4268E-01  0.0000E+00  0.0000E+00
  6.5445E-01  0.0000E+00  0.0000E+00
  6.6622E-01  0.0000E+00  0.0000E+00
  6.7798E-01  0.0000E+00  0.0000E+00
  6.8975E-01  0.0000E+00  0.0000E+00
  7.0152E-01  0.0000E+00  0.0000E+00
  7.1328E-01  0.0000E+00  0.0000E+00
  7.2505E-01  0.0000E+00  0.0000E+00
  7.3682E-01  3.7282E-02  2.4805E-01
  7.4858E-01 -9.7233E-02 -1.0551E+00
  7.6035E-01  7.4583E-02  9.4709E-01
  7.7212E-01  2.9309E-01  3.2421E+00
  7.8388E-01  3.5692E-01  3.8114E+00
  7.9565E-01  2.5667E-01  2.6859E+00
  8.0742E-01  1.0192E-01  1.0734E+00
  8.1918E-01  1.5980E-02  2.5575E-01
  8.3095E-01  6.3168E-02  8.6344E-01
  8.4272E-01  2.2724E-01  2.6840E+00
  8.5448E-01  4.3233E-01  4.9001E+00
  8.6625E-01  5.8610E-01  6.5442E+00
  8.7802E-01  6.2357E-01  6.9490E+00
  8.8978E-01  5.3481E-01  6.0266E+00
  9.0155E-01  3.6850E-01  4.2967E+00
  9.1332E-01  2.1187E-01  2.6737E+00
  9.2508E-01  1.5529E-01  2.0988E+00
  9.3685E-01  2.5439E-01  3.1487E+00
  9.4862E-01  5.0311E-01  5.7594E+00
  9.6038E-01  8.2887E-01  9.1767E+00
  9.7215E-01  1.1141E+00  1.2179E+01
  9.8392E-01  1.2404E+00  1.3530E+01
  9.9568E-01  1.1416E+00  1.2528E+01
  1.0075E+00  8.4559E-01  9.4430E+00
  1.0192E+00  4.8115E-01  5.5983E+00
  1.0310E+00  2.3159E-01  2.9164E+00
  1.0428E+00  2.3513E-01  2.9152E+00
  1.0545E+00  3.8325E-01  5.2757E+00
  1.0663E+00  7.8181E-01  8.1994E+00
  1.0781E+00  1.4273E+00  1.5478E+01
  1.0898E+00  2.1766E+00  2.5092E+01
  1.1016E+00  1.3481E+00  1.3658E+01
  1.1134E+00  1.2546E+00  1.3185E+01
  1.1251E+00  1.0688E+00  1.1390E+01
  1.1369E+00  8.9406E-01  9.4566E+00
  1.1487E+00  7.7730E-01  8.0482E+00
  1.1604E+00  7.2029E-01  7.3370E+00
  1.1722E+00  4.5678E-01  3.7357E+00
  1.1840E+00  2.0392E-01  2.6313E+00
  1.1957E+00  1.2143E+00  1.3394E+01
  1.2075E+00  2.0119E+00  2.0263E+01
  1.2193E+00  2.2987E+00  2.1954E+01
  1.2310E+00  2.1745E+00  2.0715E+01
  1.2428E+00  3.1948E+00  3.1939E+01
  1.2546E+00  1.9007E+00  2.3267E+01
  1.2663E+00  1.4559E+00  1.7534E+01
  1.2781E+00  1.3341E+00  1.8079E+01
  1.2898E+00  1.8933E+00  2.7166E+01
  1.3016E+00  2.5780E+00  3.5490E+01
  1.3134E+00  2.6486E+00  3.4667E+01
  1.3251E+00  1.9781E+00  2.5531E+01
  1.3369E+00  1.0508E+00  1.5702E+01
  1.3487E+00  4.4944E-01  1.1982E+01
  1.3604E+00  3.8119E-01  1.4817E+01
  1.3722E+00  5.8954E-01  1.8629E+01
  1.3840E+00  6.4928E-01  1.7065E+01
  1.3957E+00  3.7173E-01  8.8703E+00
  1.4075E+00 -1.9860E-02 -3.3776E-01
  1.4193E+00 -1.1914E-01 -2.5419E+00
  1.4310E+00  1.8134E-01  4.5328E+00
  1.4428E+00  4.2462E-01  1.2655E+01
  1.4546E+00  5.3253E-02  9.5943E+00
  1.4663E+00 -4.8076E-01 -2.7498E+00
  1.4781E+00  2.5659E-01 -1.4924E-01
  1.4899E+00  0.0000E+00  0.0000E+00
  1.5016E+00  0.0000E+00  0.0000E+00
# EFERMI (HARTREE)   -0.31005
